bevægelsestype	ejendomskategori	område	2004K1	2004K2	2004K3	2004K4	2005K1	2005K2	2005K3	2005K4	2006K1	2006K2	2006K3	2006K4	2007K1	2007K2	2007K3	2007K4	2008K1	2008K2	2008K3	2008K4	2009K1	2009K2	2009K3	2009K4	2010K1	2010K2	2010K3	2010K4	2011K1	2011K2	2011K3	2011K4	2012K1	2012K2	2012K3	2012K4	2013K1	2013K2	2013K3	2013K4	2014K1	2014K2	2014K3	2014K4	2015K1	2015K2	2015K3	2015K4	
Solgte boliger	Parcel-/rækkehus	Esbjerg	189	175	144	163	171	236	198	163	186	196	183	115	188	218	116	176	157	224	199	113	128	179	181	159	123	161	209	145	156	174	150	134	134	161	172	141	133	183	161	133	164	182	145	160	197	193	211	174
Solgte boliger	Parcel-/rækkehus	Fanø	5	4	9	7	5	11	9	8	8	3	5	4	6	2	10	4	3	6	3	4	2	1	8	5	6	9	4	4	5	7	10	4	3	4	3	4	5	4	3	4	4	8	3	7	8	3	3	8
Solgte boliger	Parcel-/rækkehus	Fredericia	96	142	78	97	107	128	153	94	95	134	109	73	122	148	114	94	97	96	90	57	53	67	63	78	62	82	72	57	59	74	58	64	69	66	70	49	62	74	60	62	63	79	81	62	91	122	98	75
Solgte boliger	Parcel-/rækkehus	Haderslev	98	97	50	82	112	96	115	89	105	129	117	98	121	141	124	131	107	118	89	62	55	84	76	69	82	73	85	69	61	75	60	52	65	68	63	53	51	77	53	54	57	62	57	71	64	89	73	91
Solgte boliger	Parcel-/rækkehus	Kolding	163	218	143	170	170	227	191	201	205	218	177	139	201	242	219	228	162	229	145	89	115	158	171	141	118	148	156	113	106	130	119	102	132	129	122	117	100	132	118	118	125	131	147	129	159	164	160	140
Solgte boliger	Parcel-/rækkehus	Sønderborg	111	149	87	113	127	181	130	131	135	135	134	95	121	151	119	106	113	172	142	83	86	88	106	85	64	123	118	106	88	102	75	81	85	74	84	61	61	98	81	80	70	111	77	86	83	115	121	96
Solgte boliger	Parcel-/rækkehus	Tønder	44	52	31	53	65	85	84	78	83	58	60	58	71	89	92	102	71	86	77	38	51	60	56	52	58	53	50	46	56	50	52	36	42	44	44	46	32	45	47	44	48	45	40	47	46	52	51	56
Solgte boliger	Parcel-/rækkehus	Varde	88	79	62	77	85	95	110	89	101	116	83	84	95	114	100	115	104	129	116	59	70	78	75	86	87	78	94	78	65	60	77	65	70	68	65	52	52	54	60	59	61	94	64	78	69	82	81	84
Solgte boliger	Parcel-/rækkehus	Vejen	99	113	82	104	100	128	113	115	135	139	128	120	137	177	135	113	102	123	91	55	54	68	62	65	61	72	66	59	52	51	66	62	55	52	67	41	48	75	53	52	48	72	65	56	81	67	80	61
Solgte boliger	Parcel-/rækkehus	Vejle	200	219	156	203	229	240	236	216	259	274	206	173	225	267	234	212	196	224	149	109	110	148	200	140	168	173	190	144	130	185	140	94	118	147	158	138	125	167	138	127	127	197	142	142	172	219	188	158
Solgte boliger	Parcel-/rækkehus	Aabenraa	103	85	66	69	90	108	122	90	125	152	143	76	113	146	122	121	109	124	107	56	58	84	84	71	84	112	120	105	80	82	66	65	58	79	66	71	57	72	74	61	59	65	79	75	71	107	79	83
Solgte boliger	Parcel-/rækkehus	Region Midtjylland	2115	2338	1531	1980	2257	2814	2493	2296	2373	2574	2172	1740	2202	2704	2416	2215	2191	2647	1947	1163	1350	1846	1842	1705	1860	2071	1975	1744	1574	1687	1533	1432	1486	1754	1707	1446	1410	1784	1671	1546	1536	1903	1777	1787	1986	2409	2143	1885
Solgte boliger	Parcel-/rækkehus	Landsdel Østjylland	1431	1523	1060	1277	1502	1851	1597	1477	1460	1576	1284	968	1256	1637	1412	1291	1358	1630	1140	660	821	1174	1202	1063	1187	1360	1276	1107	1016	1101	977	958	942	1148	1134	953	951	1190	1142	1047	1009	1303	1186	1174	1368	1676	1448	1254
Solgte boliger	Parcel-/rækkehus	Favrskov	90	120	74	96	119	148	124	138	110	128	80	86	105	131	104	101	138	142	88	48	59	98	83	92	84	85	75	75	89	84	78	53	70	86	68	73	66	102	93	69	74	84	94	75	89	102	87	73
Solgte boliger	Parcel-/rækkehus	Hedensted	120	95	85	89	142	180	140	125	135	139	109	97	97	155	139	97	101	140	109	62	63	74	92	70	86	91	77	81	70	75	58	63	61	65	86	80	59	61	85	69	60	76	75	77	90	91	92	71
Solgte boliger	Parcel-/rækkehus	Horsens	176	199	151	169	171	224	190	191	227	183	156	123	143	199	169	170	167	198	131	84	106	165	136	130	147	157	133	127	110	122	111	93	106	148	112	99	108	134	130	106	107	143	118	129	140	191	162	164
Solgte boliger	Parcel-/rækkehus	Norddjurs	60	85	65	76	79	109	93	87	80	96	110	61	61	102	96	96	90	104	74	39	52	64	65	54	59	63	77	59	54	47	52	53	50	56	49	53	46	52	43	43	48	61	51	58	70	68	59	69
Solgte boliger	Parcel-/rækkehus	Odder	69	68	44	48	68	66	57	42	47	48	36	26	56	48	45	44	41	41	36	21	22	32	43	30	34	44	36	41	41	26	25	29	28	36	29	30	18	26	36	32	20	34	33	24	32	49	39	27
Solgte boliger	Parcel-/rækkehus	Randers	202	217	132	175	224	238	244	211	209	218	180	153	157	250	189	160	176	194	128	81	129	156	130	111	110	153	136	118	127	148	123	125	118	116	125	107	114	127	126	117	124	143	115	128	148	187	139	144
Solgte boliger	Parcel-/rækkehus	Samsø	10	5	5	5	5	12	6	12	10	5	23	8	12	10	18	7	15	16	11	2	8	8	9	8	8	11	10	8	5	12	11	9	6	14	4	5	5	3	11	6	4	14	14	9	8	7	12	8
Solgte boliger	Parcel-/rækkehus	Silkeborg	155	167	113	151	158	204	174	139	166	182	154	111	166	201	167	134	154	209	142	81	83	132	121	117	140	142	145	128	113	118	107	107	90	119	123	87	101	118	127	127	125	117	142	132	153	194	159	138
Solgte boliger	Parcel-/rækkehus	Skanderborg	108	140	95	104	128	156	112	100	94	121	101	63	109	111	99	94	94	130	88	47	58	91	103	86	108	129	97	105	64	99	79	80	67	94	97	79	74	99	85	76	80	125	94	94	104	141	145	100
Solgte boliger	Parcel-/rækkehus	Syddjurs	94	112	79	88	113	146	129	109	110	124	82	77	87	101	96	93	77	92	58	35	43	74	72	59	63	78	81	43	59	59	61	59	56	54	82	50	49	68	63	65	50	64	60	63	81	92	100	74
Solgte boliger	Parcel-/rækkehus	Århus	347	315	217	276	295	368	328	323	272	332	253	163	263	329	290	295	305	364	275	160	198	280	348	306	348	407	409	322	284	311	272	287	290	360	359	290	311	400	343	337	317	442	390	385	453	556	454	385
Solgte boliger	Parcel-/rækkehus	Landsdel Vestjylland	684	815	471	703	755	963	896	819	913	998	888	772	946	1067	1004	924	833	1017	807	503	529	672	640	642	673	711	699	637	558	586	556	474	544	606	573	493	459	594	529	499	527	600	591	613	618	733	695	630
Solgte boliger	Parcel-/rækkehus	Herning	123	145	79	128	117	140	151	144	163	174	135	132	153	207	168	177	142	172	141	80	100	106	127	119	123	145	127	133	128	136	96	88	108	137	124	109	94	115	99	94	96	144	113	121	134	162	149	127
Solgte boliger	Parcel-/rækkehus	Holstebro	113	153	88	121	132	163	127	121	148	146	137	116	172	145	170	141	113	181	126	71	76	113	92	97	99	102	106	95	78	90	82	60	76	97	105	73	76	104	87	84	90	96	94	70	77	124	100	96
Solgte boliger	Parcel-/rækkehus	Ikast-Brande	68	63	33	63	63	69	53	69	63	47	61	62	71	79	62	73	67	107	70	40	54	70	39	72	74	71	71	73	60	60	49	41	59	58	53	49	44	60	55	60	51	49	59	50	45	64	55	63
Solgte boliger	Parcel-/rækkehus	Lemvig	27	51	18	28	44	50	57	62	53	67	54	54	47	53	69	47	46	59	54	31	25	34	37	34	30	31	41	25	18	26	40	21	26	23	22	31	17	32	21	27	26	25	27	26	32	21	42	27
Solgte boliger	Parcel-/rækkehus	Ringkøbing-Skjern	94	114	71	97	129	126	132	121	124	157	133	137	162	168	134	158	149	137	116	70	58	88	92	89	92	96	104	78	74	87	65	85	68	68	70	41	77	77	68	51	70	83	88	91	95	94	93	91
Solgte boliger	Parcel-/rækkehus	Skive	79	89	64	74	84	131	109	80	102	114	95	74	90	110	98	105	84	106	76	70	58	72	53	64	79	74	73	69	53	47	60	50	55	53	46	50	31	57	52	49	41	60	57	67	46	51	72	47
Solgte boliger	Parcel-/rækkehus	Struer	24	22	13	27	24	50	31	42	47	50	47	44	44	48	47	41	36	44	51	29	28	27	35	36	37	33	30	43	33	32	26	21	27	31	27	21	16	25	22	26	25	21	22	40	34	47	20	27
Solgte boliger	Parcel-/rækkehus	Viborg	156	178	105	165	162	234	236	180	213	243	226	153	207	257	256	182	196	211	173	112	130	162	165	131	139	159	147	121	114	108	138	108	125	139	126	119	104	124	125	108	128	122	131	148	155	171	164	156
Solgte boliger	Parcel-/rækkehus	Region Nordjylland	1004	1104	755	973	1049	1285	1228	1078	1240	1319	1148	900	1132	1290	1267	1153	1114	1341	1100	640	695	931	820	781	820	966	995	867	729	840	822	714	787	854	811	716	639	877	820	706	714	907	860	815	940	1062	1025	884
Solgte boliger	Parcel-/rækkehus	Landsdel Nordjylland	1004	1104	755	973	1049	1285	1228	1078	1240	1319	1148	900	1132	1290	1267	1153	1114	1341	1100	640	695	931	820	781	820	966	995	867	729	840	822	714	787	854	811	716	639	877	820	706	714	907	860	815	940	1062	1025	884
Solgte boliger	Parcel-/rækkehus	Brønderslev	90	78	48	75	70	109	87	80	96	102	80	82	104	115	94	93	81	96	82	45	49	60	67	39	46	59	73	50	55	46	54	47	58	68	61	57	43	48	50	51	41	57	51	51	52	64	64	66
Solgte boliger	Parcel-/rækkehus	Frederikshavn	109	136	80	90	130	138	162	108	129	124	134	96	126	143	167	126	126	159	131	63	75	109	77	71	81	83	127	99	64	85	92	65	88	80	84	89	77	85	103	79	85	92	75	90	86	123	124	101
Solgte boliger	Parcel-/rækkehus	Hjørring	147	166	103	120	150	163	169	149	165	170	147	120	143	185	181	159	128	155	157	86	65	106	98	104	101	122	131	94	97	112	94	107	92	119	105	70	75	104	105	85	94	104	108	105	114	133	117	119
Solgte boliger	Parcel-/rækkehus	Jammerbugt	87	79	74	82	96	92	94	102	103	120	108	81	116	111	91	81	96	105	97	53	55	85	55	65	70	81	70	73	55	68	71	67	82	71	71	57	39	63	60	64	56	72	69	72	82	83	61	72
Solgte boliger	Parcel-/rækkehus	Læsø	5	6	4	9	5	8	7	6	3	6	4	11	3	5	5	4	3	7	4	2	2	2	5	0	1	2	5	3	0	0	2	4	1	1	6	4	5	6	3	4	3	4	6	0	3	8	4	2
Solgte boliger	Parcel-/rækkehus	Mariagerfjord	69	66	60	59	63	100	102	81	93	102	95	64	81	83	90	79	71	101	63	35	53	64	49	64	53	74	69	63	61	72	61	52	50	68	48	56	39	55	59	48	30	62	47	45	53	58	89	62
Solgte boliger	Parcel-/rækkehus	Morsø	48	47	28	40	39	55	55	54	63	76	68	35	60	61	64	57	49	63	63	39	35	45	42	28	36	46	31	25	31	29	29	20	29	22	27	23	22	28	28	29	24	29	35	28	29	30	35	34
Solgte boliger	Parcel-/rækkehus	Rebild	44	62	41	58	68	56	69	62	76	88	70	41	50	71	58	63	54	74	52	36	37	54	34	43	50	45	51	43	48	44	39	39	40	36	45	31	31	49	31	36	53	63	37	33	38	56	75	48
Solgte boliger	Parcel-/rækkehus	Thisted	74	95	57	88	83	112	125	79	113	127	92	79	99	119	120	101	137	140	116	73	74	85	93	67	79	86	84	75	59	64	85	48	65	65	64	61	59	84	64	53	60	78	76	62	70	62	92	55
Solgte boliger	Parcel-/rækkehus	Vesthimmerlands	53	63	38	82	51	84	69	61	80	77	75	68	81	85	80	84	82	112	93	49	42	49	58	52	54	64	62	63	41	60	58	59	57	66	55	45	38	60	65	40	40	54	46	51	65	70	57	71
Solgte boliger	Parcel-/rækkehus	Aalborg	278	306	222	270	294	368	289	296	319	327	275	223	269	312	317	306	287	329	242	159	208	272	242	248	249	304	292	279	218	260	237	206	225	258	245	223	211	295	252	217	228	292	310	278	348	375	309	255
Solgte boliger	Ejerlejlighed	Esbjerg	46	34	36	41	59	50	48	31	36	41	48	16	44	52	10	33	50	33	38	18	31	39	37	44	43	32	47	35	34	36	29	39	42	38	32	37	41	31	53	25	36	28	45	45	51	40	50	52
Solgte boliger	Ejerlejlighed	Fanø	1	4	5	2	3	4	6	3	4	5	0	3	2	4	3	1	1	3	3	1	0	3	0	1	3	1	3	5	4	2	1	0	2	6	3	7	3	2	2	2	2	3	3	4	4	4	2	3
Solgte boliger	Ejerlejlighed	Fredericia	20	19	9	9	13	25	28	19	17	25	26	16	30	26	21	18	14	19	5	11	10	9	9	14	12	11	5	5	4	6	4	7	8	14	9	7	8	10	10	12	8	7	6	7	7	8	5	18
Solgte boliger	Ejerlejlighed	Haderslev	4	2	11	7	12	5	7	10	11	11	18	7	12	10	8	9	8	13	7	3	7	4	5	3	5	9	6	5	6	6	8	1	10	6	6	5	3	5	10	6	2	5	2	7	12	3	3	7
Solgte boliger	Ejerlejlighed	Kolding	21	17	19	26	27	29	25	23	36	33	28	14	25	26	26	39	16	25	20	11	11	14	21	17	16	22	11	13	10	10	17	10	10	8	12	10	12	11	15	9	10	9	12	10	16	14	18	10
Solgte boliger	Ejerlejlighed	Sønderborg	9	15	8	14	5	15	8	10	13	13	10	19	7	8	12	5	14	16	6	3	8	8	13	16	9	12	7	12	12	12	8	10	7	10	6	7	6	15	8	15	5	12	8	8	7	11	13	10
Solgte boliger	Ejerlejlighed	Tønder	1	4	1	1	0	7	0	3	1	1	1	4	0	5	0	0	1	3	5	2	3	3	2	0	1	4	6	2	3	2	1	5	4	13	3	5	4	6	10	3	2	7	6	3	6	3	5	3
Solgte boliger	Ejerlejlighed	Varde	14	3	1	7	12	10	10	10	7	15	8	11	15	18	13	12	6	11	6	4	7	9	7	13	10	8	12	3	9	12	3	6	7	14	6	3	12	8	11	6	7	9	14	6	18	14	10	10
Solgte boliger	Ejerlejlighed	Vejen	5	2	3	8	4	2	6	3	8	4	2	2	4	6	1	9	5	2	3	2	7	6	0	2	3	6	5	3	2	0	1	1	2	2	4	3	1	3	0	1	2	2	4	2	2	0	1	3
Solgte boliger	Ejerlejlighed	Vejle	24	22	15	35	39	31	51	32	37	51	31	21	29	43	25	33	27	22	21	17	27	26	26	22	29	27	33	29	21	24	22	17	12	18	15	16	19	17	20	22	17	22	20	20	35	30	25	27
Solgte boliger	Ejerlejlighed	Aabenraa	5	6	4	7	2	6	5	12	6	9	3	12	9	8	15	8	8	9	10	4	5	9	3	7	5	2	3	4	3	5	6	5	5	6	9	7	2	4	3	5	2	7	4	4	8	4	3	4
Solgte boliger	Ejerlejlighed	Region Midtjylland	550	564	381	533	633	749	776	626	751	573	533	409	501	585	599	515	557	566	442	274	324	484	490	438	488	534	533	455	437	405	432	376	361	448	473	406	386	454	446	373	445	474	540	479	606	732	618	515
Solgte boliger	Ejerlejlighed	Landsdel Østjylland	486	486	326	457	542	630	671	522	604	460	435	322	390	495	510	409	444	453	357	215	272	402	431	354	414	452	451	399	370	346	377	321	309	389	411	345	332	393	393	320	394	401	480	429	544	655	561	452
Solgte boliger	Ejerlejlighed	Favrskov	2	4	0	4	4	11	4	7	10	2	3	6	13	10	5	6	4	5	6	0	3	5	1	4	3	9	4	2	5	1	8	3	1	2	2	2	5	2	4	3	5	1	3	1	6	1	2	1
Solgte boliger	Ejerlejlighed	Hedensted	1	5	3	0	2	6	6	2	9	3	2	9	7	13	12	9	9	7	3	1	4	2	8	4	7	5	2	1	2	6	2	3	3	1	2	1	2	1	0	0	6	4	1	4	3	5	8	3
Solgte boliger	Ejerlejlighed	Horsens	21	14	17	22	51	21	34	27	32	16	22	23	24	34	25	21	27	28	18	17	16	24	18	14	27	24	21	23	18	13	14	14	27	14	17	18	24	15	12	15	15	13	17	22	24	24	21	29
Solgte boliger	Ejerlejlighed	Norddjurs	4	5	4	4	8	17	10	8	9	16	8	10	9	13	10	6	7	6	5	6	6	9	6	10	7	6	1	2	4	4	6	11	4	4	7	3	7	6	4	4	4	3	5	6	6	2	5	7
Solgte boliger	Ejerlejlighed	Odder	16	16	8	8	8	10	8	11	13	12	10	5	7	9	7	6	4	9	3	4	13	4	3	3	6	6	9	8	7	4	4	2	7	7	5	6	1	4	4	4	3	1	7	2	6	7	6	8
Solgte boliger	Ejerlejlighed	Randers	74	90	53	105	103	126	115	118	125	105	107	86	78	78	94	75	76	70	55	36	44	39	57	33	52	50	45	51	49	48	50	43	36	56	47	40	45	57	39	41	55	46	50	42	61	56	60	51
Solgte boliger	Ejerlejlighed	Samsø	0	..	..	..	..	..	..	0	1	..	..	..	..	..	..	..	..	0	0	0	0	0	0	0	0	0	0	0	1	0	0	0	0	0	0	1	0	0	0	0	1	0	0	0	1	0	0	0
Solgte boliger	Ejerlejlighed	Silkeborg	12	9	6	16	20	24	24	20	18	15	19	13	15	9	16	12	13	14	13	9	6	15	11	13	18	20	9	11	12	14	8	11	5	11	10	10	6	9	8	10	12	8	4	14	16	17	10	13
Solgte boliger	Ejerlejlighed	Skanderborg	26	25	11	19	12	25	18	12	20	26	8	9	13	13	16	16	22	23	12	6	10	7	11	8	18	12	13	14	10	14	18	11	10	17	10	13	9	15	4	10	15	19	12	14	15	14	16	14
Solgte boliger	Ejerlejlighed	Syddjurs	2	4	2	6	7	2	9	6	4	5	7	5	2	4	5	6	6	5	10	2	3	3	6	3	4	5	4	7	7	5	8	0	6	4	5	2	3	6	4	5	5	8	7	5	9	6	12	5
Solgte boliger	Ejerlejlighed	Århus	328	314	222	273	327	388	443	311	363	260	249	156	222	312	320	252	276	286	232	134	167	294	310	262	272	315	343	280	255	237	259	223	210	273	306	249	230	278	314	228	273	298	374	319	397	522	421	321
Solgte boliger	Ejerlejlighed	Landsdel Vestjylland	64	78	55	76	91	119	105	104	147	113	98	87	111	90	89	106	113	113	85	59	52	82	59	84	74	82	82	56	67	59	55	55	52	59	62	61	54	61	53	53	51	73	60	50	62	77	57	63
Solgte boliger	Ejerlejlighed	Herning	23	27	25	25	30	40	42	33	48	39	33	39	50	33	35	38	44	36	26	18	20	28	17	33	22	30	26	23	25	26	19	19	25	22	22	26	17	25	20	11	20	27	17	23	28	33	21	25
Solgte boliger	Ejerlejlighed	Holstebro	9	10	8	8	9	11	11	9	18	12	14	7	10	10	8	12	6	13	9	6	3	10	4	9	8	5	3	7	4	5	3	2	4	5	11	4	5	8	4	7	5	9	13	7	2	11	5	5
Solgte boliger	Ejerlejlighed	Ikast-Brande	8	0	3	6	6	6	4	7	15	5	9	5	7	3	9	13	6	14	7	9	7	5	4	11	8	9	12	5	4	4	5	5	4	3	7	7	7	6	3	9	4	7	4	4	9	5	6	2
Solgte boliger	Ejerlejlighed	Lemvig	0	0	3	7	1	8	2	3	4	3	9	5	4	1	1	1	3	6	4	1	3	4	3	4	3	3	7	1	2	4	1	3	2	1	4	3	3	0	2	0	0	3	3	0	3	0	2	2
Solgte boliger	Ejerlejlighed	Ringkøbing-Skjern	4	9	0	6	10	12	11	16	23	14	12	9	14	21	17	14	16	12	12	8	4	8	11	9	3	12	11	6	6	5	1	3	3	8	3	3	5	5	9	7	4	9	6	4	4	10	9	10
Solgte boliger	Ejerlejlighed	Skive	1	7	4	4	6	4	1	3	4	3	2	2	2	2	4	4	3	4	6	2	2	6	1	2	6	1	3	0	2	3	4	4	4	2	1	3	3	1	1	0	0	2	2	1	3	2	0	2
Solgte boliger	Ejerlejlighed	Struer	4	1	2	1	2	3	4	4	5	7	3	2	5	3	5	5	1	3	5	3	1	4	3	2	4	1	3	1	5	3	1	3	0	4	4	4	1	4	2	6	3	1	2	2	1	2	1	3
Solgte boliger	Ejerlejlighed	Viborg	15	24	10	19	27	35	30	29	30	30	16	18	19	17	10	19	34	25	16	12	12	17	16	14	20	21	17	13	19	9	21	16	10	14	10	11	13	12	12	13	15	15	13	9	12	14	13	14
Solgte boliger	Ejerlejlighed	Region Nordjylland	241	166	148	173	223	251	268	227	269	248	237	173	186	203	242	183	190	232	152	101	122	198	179	156	191	191	207	156	167	156	172	153	168	202	227	183	204	187	215	198	206	205	254	208	266	275	268	230
Solgte boliger	Ejerlejlighed	Landsdel Nordjylland	241	166	148	173	223	251	268	227	269	248	237	173	186	203	242	183	190	232	152	101	122	198	179	156	191	191	207	156	167	156	172	153	168	202	227	183	204	187	215	198	206	205	254	208	266	275	268	230
Solgte boliger	Ejerlejlighed	Brønderslev	1	0	2	4	2	1	2	2	1	3	4	0	1	1	0	4	0	2	1	4	1	0	5	1	5	2	2	0	1	0	1	1	1	1	1	0	1	1	1	1	0	3	0	1	1	4	1	0
Solgte boliger	Ejerlejlighed	Frederikshavn	12	13	8	7	12	13	11	11	15	10	4	8	13	7	17	15	14	12	8	7	8	9	11	10	12	16	10	8	7	7	4	4	6	5	18	7	3	11	8	7	12	4	5	6	12	12	9	9
Solgte boliger	Ejerlejlighed	Hjørring	6	9	2	5	7	8	13	9	11	9	7	6	3	8	8	12	4	10	2	4	4	7	4	2	7	5	6	11	8	5	4	5	4	27	12	13	8	9	10	11	17	12	22	8	13	9	5	10
Solgte boliger	Ejerlejlighed	Jammerbugt	3	2	2	2	2	4	2	7	5	3	2	3	4	5	4	5	5	5	4	0	2	2	1	5	2	7	3	4	4	8	5	8	10	9	5	6	7	11	5	6	5	6	10	6	7	13	10	5
Solgte boliger	Ejerlejlighed	Læsø	..	..	..	..	..	..	..	..	..	..	..	..	..	..	..	..	..	..	..	..	..	..	0	0	0	..	..	0	0	0	0	0	0	0	0	..	0	0	1	0	0	0	..	..	..	..	..	..
Solgte boliger	Ejerlejlighed	Mariagerfjord	6	4	1	1	3	5	5	2	4	9	5	4	2	3	1	2	4	7	2	1	3	10	2	1	5	2	5	5	3	3	4	2	1	6	6	2	4	0	1	3	2	2	0	2	3	5	5	1
Solgte boliger	Ejerlejlighed	Morsø	0	..	..	..	0	0	0	0	..	..	0	0	1	1	0	..	..	0	1	..	..	0	0	0	0	0	0	1	0	..	0	1	..	..	..	..	..	..	..	..	..	0	0	0	0	0	0	0
Solgte boliger	Ejerlejlighed	Rebild	7	5	0	3	3	4	3	3	3	0	5	4	6	3	1	4	5	3	3	0	2	7	2	0	3	4	2	5	2	6	3	3	0	2	3	0	4	3	0	1	4	1	0	2	2	1	0	7
Solgte boliger	Ejerlejlighed	Thisted	10	3	7	9	8	7	4	5	1	4	8	3	12	5	9	10	8	8	6	3	6	1	3	2	3	8	10	4	2	2	6	4	3	2	5	5	3	9	6	4	3	5	2	5	4	8	3	6
Solgte boliger	Ejerlejlighed	Vesthimmerlands	2	0	1	1	1	4	0	3	1	1	0	2	1	2	0	0	1	7	1	1	0	0	1	1	1	0	1	0	0	1	1	2	2	3	2	5	2	4	4	5	6	2	1	3	3	7	1	4
Solgte boliger	Ejerlejlighed	Aalborg	194	130	125	141	185	205	228	185	228	209	202	143	143	168	202	131	149	178	124	81	96	162	150	134	153	147	168	118	140	124	144	123	141	147	175	145	172	139	179	160	157	170	214	175	221	216	234	189
Solgte boliger	Fritidshus	Esbjerg	1	1	2	1	0	2	4	4	1	1	2	0	2	3	1	0	1	3	3	1	1	0	0	0	3	1	3	1	1	3	2	1	0	4	1	0	1	0	0	1	1	2	2	2	2	2	1	1
Solgte boliger	Fritidshus	Fanø	18	26	22	14	18	32	29	15	17	21	12	15	9	15	19	15	10	18	10	5	5	8	15	11	7	21	21	14	16	7	14	5	15	15	11	11	7	15	14	8	7	12	22	4	11	23	18	12
Solgte boliger	Fritidshus	Fredericia	0	1	0	0	0	1	2	1	0	2	0	1	0	0	1	0	1	0	0	0	0	1	0	0	0	0	0	0	0	0	1	0	0	1	0	1	0	0	3	0	0	2	0	1	2	1	0	0
Solgte boliger	Fritidshus	Haderslev	2	2	1	0	1	4	6	1	1	9	7	5	1	9	9	6	7	10	3	2	1	9	9	9	3	11	6	5	0	10	5	3	4	7	5	6	7	8	12	11	3	11	8	5	5	9	14	5
Solgte boliger	Fritidshus	Kolding	17	19	12	6	10	19	18	7	14	11	13	11	10	23	12	12	9	19	13	6	5	13	9	7	3	10	11	7	4	13	10	4	3	13	12	7	5	17	7	6	9	12	10	8	7	20	14	7
Solgte boliger	Fritidshus	Sønderborg	10	16	7	9	12	15	12	14	17	12	12	12	8	16	10	11	3	12	11	9	2	8	13	8	4	16	6	11	10	9	10	7	9	6	13	6	6	12	11	7	2	6	14	3	12	10	14	5
Solgte boliger	Fritidshus	Tønder	12	9	11	6	6	9	7	11	22	23	3	11	15	16	11	13	12	11	10	5	4	6	17	14	12	6	13	10	9	10	6	12	9	14	11	8	8	15	11	13	9	9	9	9	10	9	12	12
Solgte boliger	Fritidshus	Varde	108	110	57	76	87	141	61	78	97	109	68	60	68	94	66	66	63	74	38	22	31	45	39	46	37	56	46	42	38	39	42	38	34	52	60	31	31	44	44	31	33	59	45	43	57	70	49	48
Solgte boliger	Fritidshus	Vejen	..	..	..	0	0	0	..	0	0	..	0	1	0	0	0	0	0	0	0	0	0	0	1	0	0	1	0	0	0	0	0	1	0	0	0	1	0	0	0	0	0	0	0	1	1	0	0	0
Solgte boliger	Fritidshus	Vejle	11	12	10	8	7	14	11	6	9	16	14	5	4	11	9	10	6	8	4	1	1	8	10	8	9	10	11	9	4	6	5	8	10	8	4	7	11	7	8	8	6	13	3	6	7	6	8	11
Solgte boliger	Fritidshus	Aabenraa	2	3	2	0	1	0	3	0	5	4	7	1	0	3	2	3	4	6	3	2	2	1	3	0	1	5	3	1	1	3	1	2	2	8	1	3	1	4	3	4	0	5	5	0	2	3	2	4
Solgte boliger	Fritidshus	Region Midtjylland	435	517	249	315	327	557	371	315	290	453	368	233	205	419	309	238	208	332	199	125	120	267	263	214	147	313	287	204	154	199	241	161	152	302	258	180	158	246	260	190	163	282	289	175	203	341	300	205
Solgte boliger	Fritidshus	Landsdel Østjylland	182	265	134	144	144	257	186	150	129	199	189	105	80	208	152	98	95	138	115	61	53	138	128	117	84	154	143	100	77	109	121	74	80	162	144	99	79	142	146	102	88	158	168	102	98	183	176	113
Solgte boliger	Fritidshus	Favrskov	0	0	1	..	..	..	..	..	..	..	..	..	..	0	0	0	0	0	0	..	..	0	0	0	0	0	0	0	..	..	..	..	..	..	..	..	..	..	..	0	0	0	0	0	0	0	0	0
Solgte boliger	Fritidshus	Hedensted	16	19	8	14	12	13	19	10	12	17	14	5	7	20	10	10	10	10	8	8	3	7	12	9	5	11	8	11	6	6	11	4	10	10	12	7	5	11	14	10	6	12	9	7	6	11	18	9
Solgte boliger	Fritidshus	Horsens	..	1	..	..	0	2	0	1	1	1	0	0	0	1	1	0	0	0	0	0	0	0	1	2	0	0	0	1	1	0	1	0	0	2	1	0	0	2	3	0	3	2	0	2	0	1	0	0
Solgte boliger	Fritidshus	Norddjurs	47	48	26	31	23	57	30	24	27	41	44	21	15	42	35	17	16	33	22	10	12	22	28	26	19	33	32	15	16	21	32	11	16	30	24	17	16	24	31	21	13	32	46	22	14	34	44	22
Solgte boliger	Fritidshus	Odder	12	19	8	7	9	20	12	5	13	19	14	5	5	15	7	11	7	9	10	4	3	19	10	7	7	17	8	10	4	12	12	12	2	3	9	8	6	19	12	10	6	14	15	14	5	13	12	11
Solgte boliger	Fritidshus	Randers	1	1	0	3	..	2	0	1	0	3	0	0	1	1	..	..	..	0	0	0	0	0	1	0	0	1	1	..	..	0	1	0	0	0	0	0	1	1	2	0	0	2	1	0	1	0	0	0
Solgte boliger	Fritidshus	Samsø	4	6	3	1	4	4	1	3	1	1	10	6	2	3	8	3	3	8	5	1	1	2	3	3	2	3	5	4	1	5	4	2	0	8	4	3	2	1	4	1	1	3	3	3	2	6	6	6
Solgte boliger	Fritidshus	Silkeborg	6	21	6	5	4	15	6	9	7	5	14	5	5	9	9	3	7	7	12	8	0	9	9	3	7	11	6	5	6	8	7	3	8	12	7	10	6	11	5	6	9	9	7	3	5	7	8	11
Solgte boliger	Fritidshus	Skanderborg	2	3	0	0	1	1	1	1	1	1	0	3	0	1	2	1	0	1	1	0	0	2	1	1	0	0	0	0	1	0	1	1	0	0	2	0	3	1	0	0	1	2	2	1	1	1	0	0
Solgte boliger	Fritidshus	Syddjurs	80	117	67	69	82	129	104	87	57	101	76	57	42	103	70	45	47	68	46	26	31	71	54	60	39	66	67	40	36	46	43	32	38	85	64	46	32	57	63	40	39	66	75	38	54	90	77	41
Solgte boliger	Fritidshus	Århus	14	30	14	14	9	14	13	9	10	10	17	3	3	13	10	8	5	2	11	4	3	6	9	6	5	12	16	13	6	11	9	9	6	12	21	8	8	15	12	14	10	16	10	12	10	20	11	14
Solgte boliger	Fritidshus	Landsdel Vestjylland	253	252	115	171	183	300	185	165	161	254	179	128	125	211	157	140	113	194	84	64	67	129	135	97	63	159	144	104	77	90	120	87	72	140	114	81	79	104	114	88	75	124	121	73	105	158	124	91
Solgte boliger	Fritidshus	Herning	0	2	1	2	0	3	2	3	0	1	3	0	2	4	1	1	0	5	0	4	0	3	1	1	1	3	1	1	1	2	1	0	3	3	0	0	1	2	1	1	1	1	1	1	2	4	7	3
Solgte boliger	Fritidshus	Holstebro	24	24	12	35	22	31	21	17	24	38	32	17	14	26	17	23	13	24	11	8	6	31	12	8	9	19	17	12	14	8	20	12	11	12	15	9	7	5	13	9	10	17	11	7	10	16	9	5
Solgte boliger	Fritidshus	Ikast-Brande	0	2	1	0	1	4	1	2	0	4	1	0	0	4	2	0	2	4	3	1	2	2	1	2	1	2	2	2	0	1	1	0	1	1	1	0	0	2	0	3	0	1	1	0	1	0	2	2
Solgte boliger	Fritidshus	Lemvig	22	35	13	16	25	39	36	22	27	35	28	16	15	21	21	15	14	12	10	4	7	13	16	12	5	12	7	12	5	11	10	4	7	12	12	7	6	10	17	10	7	11	10	10	8	13	10	8
Solgte boliger	Fritidshus	Ringkøbing-Skjern	161	138	54	90	105	165	95	93	95	120	77	73	77	112	77	72	63	107	35	37	39	55	78	62	37	83	80	64	50	45	63	50	42	80	65	44	49	52	58	44	37	58	59	42	69	84	67	58
Solgte boliger	Fritidshus	Skive	29	35	22	21	20	33	22	21	7	38	26	16	11	35	22	23	13	27	16	7	6	15	13	5	7	24	24	7	5	16	16	17	6	17	14	17	12	21	14	13	14	21	25	8	9	22	20	10
Solgte boliger	Fritidshus	Struer	11	13	8	6	6	14	7	5	4	13	7	6	2	4	12	4	4	13	8	2	4	8	10	3	1	10	6	4	2	5	7	4	1	11	5	3	3	10	7	4	2	11	10	5	3	19	8	3
Solgte boliger	Fritidshus	Viborg	6	3	4	1	4	11	1	2	4	5	5	0	4	5	5	2	4	2	1	1	3	2	4	4	2	6	7	2	0	2	2	0	1	4	2	1	1	2	4	4	4	4	4	0	3	1	1	2
Solgte boliger	Fritidshus	Region Nordjylland	333	420	187	229	295	415	313	199	258	329	273	138	179	280	251	172	170	210	182	93	81	199	202	167	119	233	230	148	119	179	191	105	136	217	180	148	116	242	211	142	91	228	222	158	157	239	244	160
Solgte boliger	Fritidshus	Landsdel Nordjylland	333	420	187	229	295	415	313	199	258	329	273	138	179	280	251	172	170	210	182	93	81	199	202	167	119	233	230	148	119	179	191	105	136	217	180	148	116	242	211	142	91	228	222	158	157	239	244	160
Solgte boliger	Fritidshus	Brønderslev	0	2	0	1	1	2	4	0	0	2	2	1	3	0	1	1	0	2	3	0	1	0	1	3	0	2	2	1	0	0	1	0	0	4	0	2	4	1	0	1	1	1	0	3	0	2	2	0
Solgte boliger	Fritidshus	Frederikshavn	27	29	22	17	16	26	36	17	18	27	23	12	23	35	19	23	27	20	14	15	9	16	16	15	11	21	26	14	11	14	24	16	16	21	15	13	14	19	24	12	11	20	27	22	17	24	22	16
Solgte boliger	Fritidshus	Hjørring	42	62	19	42	47	62	45	41	44	61	39	21	37	31	43	26	27	22	20	13	10	33	29	31	20	31	34	28	12	17	22	20	23	28	27	17	20	29	30	21	10	31	36	22	23	36	29	19
Solgte boliger	Fritidshus	Jammerbugt	77	92	40	47	70	92	71	43	53	77	44	31	31	66	59	33	38	43	39	22	22	37	52	40	22	50	57	34	23	50	35	18	30	52	41	40	22	62	48	38	24	63	47	37	36	66	55	42
Solgte boliger	Fritidshus	Læsø	7	4	4	3	4	7	4	3	4	6	12	4	7	7	2	2	2	3	10	1	1	3	5	3	2	6	3	3	1	5	1	5	2	6	3	2	2	3	3	3	0	2	7	3	0	8	7	2
Solgte boliger	Fritidshus	Mariagerfjord	33	43	20	18	36	51	29	18	39	33	20	13	17	32	25	7	21	22	16	7	10	26	16	20	17	22	21	18	22	24	20	5	11	19	13	16	14	22	18	13	11	27	26	15	17	27	25	10
Solgte boliger	Fritidshus	Morsø	1	1	2	3	5	9	2	1	1	5	5	2	1	3	7	3	1	6	1	1	1	2	2	1	1	7	2	0	1	3	2	1	1	2	2	1	1	2	4	0	2	4	2	0	0	2	3	1
Solgte boliger	Fritidshus	Rebild	..	..	..	..	..	..	2	0	0	0	0	0	..	0	0	0	1	0	0	0	0	0	1	0	0	0	0	0	0	0	0	0	0	0	0	0	0	0	1	0	0	0	0	0	0	0	0	0
Solgte boliger	Fritidshus	Thisted	49	50	23	32	38	59	35	22	24	25	29	18	14	27	27	25	15	24	20	9	7	19	19	13	13	28	20	16	11	18	18	13	16	24	18	13	5	28	22	15	7	15	21	17	21	20	24	21
Solgte boliger	Fritidshus	Vesthimmerlands	16	45	13	28	24	39	22	15	15	16	27	7	10	26	28	14	10	17	20	7	3	21	15	14	10	16	16	9	11	14	21	9	10	16	18	10	10	23	17	13	7	13	12	12	11	10	21	12
Solgte boliger	Fritidshus	Aalborg	81	92	44	38	54	68	63	39	60	77	72	29	36	53	40	38	28	51	39	18	17	42	46	27	23	50	49	25	27	34	47	18	27	45	43	34	24	53	44	26	18	52	44	27	32	44	56	38
Boliger til salg, ultimo	Parcel-/rækkehus	Esbjerg	318	289	276	226	283	248	191	178	188	212	208	229	276	283	313	337	419	477	486	553	626	631	598	579	608	631	610	615	609	710	755	717	721	720	693	643	643	672	675	686	719	752	754	723	671	718	672	615
Boliger til salg, ultimo	Parcel-/rækkehus	Fanø	20	13	11	14	15	15	16	11	5	8	13	11	11	17	15	18	17	15	19	28	29	32	36	37	42	40	38	42	45	48	47	44	40	40	38	38	37	35	37	43	52	41	47	44	37	49	58	44
Boliger til salg, ultimo	Parcel-/rækkehus	Fredericia	182	148	143	117	122	98	100	93	101	104	136	175	200	174	196	220	289	322	370	405	398	411	338	325	322	356	338	327	336	380	365	327	339	346	322	316	320	343	331	313	344	360	366	348	348	323	318	327
Boliger til salg, ultimo	Parcel-/rækkehus	Haderslev	230	194	198	186	148	167	169	152	157	183	179	181	224	200	211	213	250	301	367	382	423	447	481	476	512	565	560	574	621	670	676	663	616	596	598	595	607	622	634	609	627	656	640	616	623	636	622	607
Boliger til salg, ultimo	Parcel-/rækkehus	Kolding	371	338	335	279	276	240	261	250	247	289	319	382	421	465	521	555	644	748	792	814	798	735	637	569	620	684	653	656	708	804	837	808	775	770	733	699	717	758	732	715	733	817	778	711	729	763	753	717
Boliger til salg, ultimo	Parcel-/rækkehus	Sønderborg	298	271	257	244	224	213	185	153	143	167	169	181	203	209	250	288	328	365	400	429	498	513	493	461	533	596	593	546	549	624	651	626	605	616	601	599	611	640	661	662	668	681	709	670	675	664	640	618
Boliger til salg, ultimo	Parcel-/rækkehus	Tønder	168	209	206	197	190	186	209	167	157	180	175	173	184	182	188	190	220	235	268	306	342	377	385	375	399	407	411	411	408	469	457	440	450	455	467	399	477	506	522	513	481	498	491	456	447	478	477	446
Boliger til salg, ultimo	Parcel-/rækkehus	Varde	261	295	289	277	241	248	231	208	193	196	215	222	241	238	261	250	280	313	330	370	415	462	454	471	487	510	490	490	511	564	579	584	558	556	538	549	556	599	613	586	594	602	590	564	577	584	606	576
Boliger til salg, ultimo	Parcel-/rækkehus	Vejen	302	315	316	305	281	301	266	223	242	263	254	238	244	224	258	242	258	274	306	340	396	419	423	420	423	472	446	466	491	531	508	497	481	475	443	428	434	468	449	437	456	483	462	452	432	465	454	436
Boliger til salg, ultimo	Parcel-/rækkehus	Vejle	550	520	473	432	410	413	389	369	348	419	431	440	484	557	622	653	721	897	954	939	987	1011	942	874	937	1031	1007	1020	1057	1163	1124	1076	1042	1006	993	983	1041	1095	1078	1061	1081	1126	1121	1050	1060	1039	1024	1003
Boliger til salg, ultimo	Parcel-/rækkehus	Aabenraa	243	231	206	217	246	229	213	216	227	222	187	199	223	215	229	230	249	272	326	373	418	444	446	435	464	505	486	475	463	557	559	552	552	565	549	512	542	554	547	512	517	581	602	558	522	529	572	544
Boliger til salg, ultimo	Parcel-/rækkehus	Region Midtjylland	4551	4284	4140	3795	3700	3537	3387	3035	3223	3858	4296	4801	5465	6169	6802	6848	7935	8559	9080	9362	9614	9830	9390	9046	9331	10278	10053	9801	10205	11510	11496	10997	10944	10941	10492	9889	10496	10872	10807	10244	10296	10882	10676	9859	9985	10078	9897	9366
Boliger til salg, ultimo	Parcel-/rækkehus	Landsdel Østjylland	2453	2276	2136	1958	1906	1770	1674	1496	1643	2188	2588	3151	3714	4246	4767	4772	5475	5889	6187	6185	6181	6171	5799	5551	5758	6278	6149	5986	6229	7221	7216	6882	6813	6841	6503	6038	6514	6746	6637	6192	6227	6628	6456	5948	5994	6083	5974	5621
Boliger til salg, ultimo	Parcel-/rækkehus	Favrskov	218	202	170	167	168	145	151	120	137	175	205	259	285	311	326	349	359	364	391	384	395	406	378	346	333	377	379	360	361	433	445	447	456	464	450	361	429	431	420	416	399	433	391	344	363	390	399	388
Boliger til salg, ultimo	Parcel-/rækkehus	Hedensted	210	209	214	202	203	174	152	145	140	172	180	186	234	234	262	301	341	380	419	421	437	443	421	420	484	531	528	544	568	637	634	569	552	570	536	481	503	543	564	542	554	590	582	540	531	566	570	539
Boliger til salg, ultimo	Parcel-/rækkehus	Horsens	273	266	212	182	180	182	170	175	175	242	287	365	424	516	589	604	710	767	743	720	735	702	662	632	659	719	688	684	695	812	792	771	754	728	672	630	673	692	673	627	653	680	666	610	626	626	620	580
Boliger til salg, ultimo	Parcel-/rækkehus	Norddjurs	224	207	166	158	157	139	130	111	124	138	118	124	156	159	203	229	284	313	361	397	440	445	448	476	492	500	451	451	462	509	514	510	512	503	526	480	486	493	500	474	460	457	473	453	449	470	476	456
Boliger til salg, ultimo	Parcel-/rækkehus	Odder	96	83	73	62	62	52	43	35	35	51	73	100	140	156	191	197	217	226	218	198	188	204	181	179	198	211	207	196	205	242	247	235	240	233	231	231	265	288	282	270	269	285	278	291	310	303	291	272
Boliger til salg, ultimo	Parcel-/rækkehus	Randers	416	377	367	336	323	298	262	234	256	311	366	433	477	471	502	543	599	650	729	757	753	738	740	778	824	882	866	859	877	973	978	939	895	855	780	755	817	847	830	785	781	816	820	748	737	726	732	708
Boliger til salg, ultimo	Parcel-/rækkehus	Samsø	19	16	13	8	12	12	16	5	7	21	13	15	18	19	24	36	41	44	47	47	43	52	53	45	41	53	55	53	64	68	60	61	57	54	58	55	57	66	57	52	59	64	56	60	61	66	60	61
Boliger til salg, ultimo	Parcel-/rækkehus	Silkeborg	277	280	253	242	207	182	158	138	143	223	244	325	366	384	466	499	546	606	691	721	742	786	754	718	736	799	794	777	795	916	901	857	822	835	792	748	858	903	897	800	782	882	860	798	793	789	784	710
Boliger til salg, ultimo	Parcel-/rækkehus	Skanderborg	206	182	159	145	126	122	109	113	110	143	221	292	308	411	423	416	488	483	550	552	565	620	535	476	486	524	531	471	526	583	566	546	520	555	532	526	569	551	557	506	528	558	559	527	540	554	486	462
Boliger til salg, ultimo	Parcel-/rækkehus	Syddjurs	192	172	189	181	185	195	178	152	196	231	245	250	276	325	378	318	374	411	451	470	470	441	429	419	428	480	488	483	498	569	562	515	526	545	493	453	486	530	529	490	496	552	537	483	486	516	500	468
Boliger til salg, ultimo	Parcel-/rækkehus	Århus	322	282	320	275	283	269	305	268	320	481	636	802	1030	1260	1403	1280	1516	1645	1587	1518	1413	1334	1198	1062	1077	1202	1162	1108	1178	1479	1517	1432	1479	1499	1433	1318	1371	1402	1328	1230	1246	1311	1234	1094	1098	1077	1056	977
Boliger til salg, ultimo	Parcel-/rækkehus	Landsdel Vestjylland	2098	2008	2004	1837	1794	1767	1713	1539	1580	1670	1708	1650	1751	1923	2035	2076	2460	2670	2893	3177	3433	3659	3591	3495	3573	4000	3904	3815	3976	4289	4280	4115	4131	4100	3989	3851	3982	4126	4170	4052	4069	4254	4220	3911	3991	3995	3923	3745
Boliger til salg, ultimo	Parcel-/rækkehus	Herning	292	279	300	233	214	220	214	185	212	221	230	238	272	303	295	321	399	450	503	549	590	638	594	548	561	616	617	618	646	680	678	642	643	614	610	554	561	645	655	607	604	635	654	602	602	581	565	547
Boliger til salg, ultimo	Parcel-/rækkehus	Holstebro	239	205	199	197	192	169	159	151	158	218	232	200	213	260	271	273	366	382	425	451	498	527	542	511	541	599	557	540	572	611	614	600	631	623	577	556	574	585	582	570	573	580	571	550	597	572	608	551
Boliger til salg, ultimo	Parcel-/rækkehus	Ikast-Brande	167	149	152	149	157	135	133	107	77	91	115	113	91	92	127	135	154	167	205	273	277	305	277	275	266	310	299	298	321	357	362	345	340	325	336	330	339	339	357	338	345	344	342	320	317	314	301	307
Boliger til salg, ultimo	Parcel-/rækkehus	Lemvig	151	144	150	148	147	158	163	144	155	158	160	148	152	172	169	159	179	188	191	181	187	211	207	234	233	272	262	251	249	265	275	268	257	253	235	231	239	256	265	259	253	274	265	249	243	261	257	246
Boliger til salg, ultimo	Parcel-/rækkehus	Ringkøbing-Skjern	327	337	321	318	314	329	342	317	330	349	322	300	276	265	300	276	289	314	354	403	477	519	512	519	542	621	588	562	573	636	643	633	619	652	615	633	640	653	673	664	658	671	668	606	595	606	608	581
Boliger til salg, ultimo	Parcel-/rækkehus	Skive	271	284	273	275	260	256	236	209	220	217	218	201	221	208	210	211	235	246	269	298	328	360	393	375	375	422	446	446	437	458	447	438	443	448	456	424	447	460	447	437	429	460	451	409	420	453	440	417
Boliger til salg, ultimo	Parcel-/rækkehus	Struer	81	93	86	76	74	69	84	90	83	82	83	85	111	170	196	207	238	268	262	283	297	309	307	295	298	311	301	280	314	305	304	299	317	319	334	328	318	320	352	351	366	376	370	346	351	338	337	337
Boliger til salg, ultimo	Parcel-/rækkehus	Viborg	570	517	523	441	436	431	382	336	345	334	348	365	415	453	467	494	600	655	684	739	779	790	759	738	757	849	834	820	864	977	957	890	881	866	826	795	864	868	839	826	841	914	899	829	866	870	807	759
Boliger til salg, ultimo	Parcel-/rækkehus	Region Nordjylland	3180	3098	2999	2818	2829	2691	2580	2356	2362	2549	2652	2707	2980	3178	3342	3485	3902	4347	4641	4905	5139	5439	5410	5423	5536	6094	5872	5647	5794	6391	6294	6113	5973	6204	6100	5888	6143	6390	6409	6204	6249	6465	6355	5904	5885	6101	6030	5617
Boliger til salg, ultimo	Parcel-/rækkehus	Landsdel Nordjylland	3180	3098	2999	2818	2829	2691	2580	2356	2362	2549	2652	2707	2980	3178	3342	3485	3902	4347	4641	4905	5139	5439	5410	5423	5536	6094	5872	5647	5794	6391	6294	6113	5973	6204	6100	5888	6143	6390	6409	6204	6249	6465	6355	5904	5885	6101	6030	5617
Boliger til salg, ultimo	Parcel-/rækkehus	Brønderslev	244	251	241	216	221	208	214	199	177	179	184	183	200	202	213	191	219	261	289	313	335	336	318	336	365	408	395	392	384	424	430	430	415	442	416	373	397	420	449	419	420	433	440	412	432	464	456	403
Boliger til salg, ultimo	Parcel-/rækkehus	Frederikshavn	424	415	399	384	383	370	313	298	320	365	364	344	375	426	443	481	551	595	612	659	674	693	712	731	743	887	827	767	774	881	808	804	810	875	879	844	843	900	853	824	824	842	860	811	822	845	794	741
Boliger til salg, ultimo	Parcel-/rækkehus	Hjørring	481	456	441	390	371	355	348	324	296	309	372	370	384	356	364	383	465	504	549	566	638	658	673	660	676	711	716	705	741	831	821	796	768	786	780	779	853	862	861	857	850	889	873	806	809	822	869	851
Boliger til salg, ultimo	Parcel-/rækkehus	Jammerbugt	331	308	328	310	323	327	317	289	264	297	285	290	312	334	355	368	383	397	450	470	517	667	588	591	591	632	645	637	661	699	682	652	636	663	655	633	618	658	670	673	642	648	640	598	587	634	608	582
Boliger til salg, ultimo	Parcel-/rækkehus	Læsø	34	35	34	34	35	31	28	11	8	16	11	11	29	32	36	39	41	32	31	34	37	40	34	36	43	47	41	43	46	51	52	56	55	65	58	65	68	75	78	75	73	79	75	83	77	80	80	82
Boliger til salg, ultimo	Parcel-/rækkehus	Mariagerfjord	201	194	185	213	207	215	179	166	194	193	182	180	197	187	221	228	264	320	362	374	383	422	446	426	468	497	515	519	508	567	584	561	541	523	509	501	510	526	548	527	504	520	498	480	475	497	469	445
Boliger til salg, ultimo	Parcel-/rækkehus	Morsø	161	153	156	142	161	165	170	162	161	167	161	161	179	211	195	179	179	194	194	262	271	245	250	254	247	284	290	267	268	275	273	271	279	298	290	264	269	295	307	288	296	301	309	277	276	284	296	281
Boliger til salg, ultimo	Parcel-/rækkehus	Rebild	141	131	108	109	109	113	124	111	130	124	122	135	160	162	174	178	213	226	247	273	302	313	320	317	323	360	337	310	300	334	338	304	333	325	296	287	286	289	310	290	272	291	289	273	279	305	297	261
Boliger til salg, ultimo	Parcel-/rækkehus	Thisted	299	321	318	293	297	278	245	230	243	236	252	285	315	350	351	374	393	421	443	444	495	568	554	563	557	604	567	552	567	618	605	611	615	655	671	654	628	644	623	609	647	685	659	613	628	656	647	613
Boliger til salg, ultimo	Parcel-/rækkehus	Vesthimmerlands	240	250	240	205	203	198	204	187	194	195	222	219	183	198	218	220	263	279	308	328	355	390	418	435	459	498	469	456	499	548	554	546	516	494	500	483	511	530	527	511	510	532	539	509	510	543	536	475
Boliger til salg, ultimo	Parcel-/rækkehus	Aalborg	624	584	549	522	519	431	438	379	375	468	497	529	646	720	772	844	931	1118	1156	1182	1132	1107	1097	1074	1064	1166	1070	999	1046	1163	1147	1082	1005	1078	1046	1005	1160	1191	1183	1131	1211	1245	1173	1042	990	971	978	883
Boliger til salg, ultimo	Ejerlejlighed	Esbjerg	53	45	72	73	81	78	55	53	48	71	79	97	103	117	161	160	155	163	157	172	157	178	157	134	132	147	127	130	152	153	167	136	128	127	135	121	125	192	166	174	171	180	167	82	76	74	73	64
Boliger til salg, ultimo	Ejerlejlighed	Fanø	10	11	9	9	11	6	3	1	0	1	4	3	4	3	4	1	1	7	8	8	7	6	7	5	7	7	6	7	7	7	8	8	11	10	9	6	8	3	3	2	1	2	2	2	2	3	3	3
Boliger til salg, ultimo	Ejerlejlighed	Fredericia	27	20	18	34	38	45	32	26	34	48	37	32	26	34	47	47	51	82	84	83	82	83	77	52	61	55	63	66	71	71	57	57	56	56	54	61	60	59	56	45	37	36	42	38	54	67	66	59
Boliger til salg, ultimo	Ejerlejlighed	Haderslev	27	35	33	34	25	44	43	30	32	29	37	36	47	46	43	44	48	49	46	49	56	64	65	63	57	67	66	62	53	75	81	77	65	57	56	63	53	51	49	49	48	47	50	39	31	37	38	34
Boliger til salg, ultimo	Ejerlejlighed	Kolding	43	53	50	73	69	62	76	74	95	97	97	103	104	125	153	161	166	181	158	138	116	101	90	79	85	95	90	95	99	104	84	70	75	79	76	75	65	68	67	67	74	88	79	74	73	67	72	74
Boliger til salg, ultimo	Ejerlejlighed	Sønderborg	27	30	53	43	43	46	51	55	43	54	51	62	64	67	69	90	85	85	100	99	92	85	77	66	52	59	63	61	54	53	59	55	54	49	71	70	71	81	70	63	72	58	45	45	59	60	60	56
Boliger til salg, ultimo	Ejerlejlighed	Tønder	4	5	7	9	12	7	11	10	14	24	39	33	35	28	26	36	41	44	61	66	66	60	38	37	33	35	35	34	22	19	14	17	17	11	13	12	15	14	12	13	14	11	12	10	8	9	8	7
Boliger til salg, ultimo	Ejerlejlighed	Varde	9	7	10	12	14	16	14	8	11	7	10	13	15	15	20	22	24	31	35	36	33	38	39	40	37	34	29	45	43	48	41	34	33	28	30	36	32	30	25	25	24	24	25	24	21	18	21	20
Boliger til salg, ultimo	Ejerlejlighed	Vejen	11	15	13	14	13	10	9	10	5	6	11	20	20	14	15	13	4	14	16	17	16	10	12	16	20	28	26	12	11	15	16	19	17	17	11	10	12	10	8	7	9	12	9	12	11	12	12	9
Boliger til salg, ultimo	Ejerlejlighed	Vejle	93	125	130	187	162	163	161	109	117	172	178	230	234	258	306	283	323	267	303	236	232	228	222	192	203	199	192	180	187	198	189	175	188	205	187	180	172	174	174	165	158	144	133	126	144	129	128	123
Boliger til salg, ultimo	Ejerlejlighed	Aabenraa	42	31	28	22	24	23	21	18	26	26	32	34	35	35	52	39	36	38	45	40	35	30	41	39	39	38	37	34	32	40	42	46	42	36	35	32	37	34	35	32	28	30	34	35	31	30	32	34
Boliger til salg, ultimo	Ejerlejlighed	Region Midtjylland	649	760	874	870	900	985	884	889	913	1301	1644	1853	1936	2233	2363	2331	2236	2387	2365	2188	1981	1938	1921	1819	1806	2023	1927	1776	1830	2115	2067	1800	1722	1667	1656	1547	1598	1627	1594	1418	1364	1483	1512	1358	1307	1292	1329	1238
Boliger til salg, ultimo	Ejerlejlighed	Landsdel Østjylland	494	586	699	665	714	775	714	690	758	1132	1449	1567	1635	1892	1964	1951	1853	1954	1931	1757	1544	1508	1472	1361	1364	1549	1477	1369	1414	1694	1660	1409	1346	1306	1283	1174	1202	1256	1237	1090	1043	1131	1152	998	964	939	990	890
Boliger til salg, ultimo	Ejerlejlighed	Favrskov	10	8	11	10	15	9	8	8	9	6	11	19	24	17	12	23	27	24	15	20	25	22	19	17	13	11	13	15	15	13	13	10	12	10	7	3	4	7	6	2	9	7	6	6	8	6	4	10
Boliger til salg, ultimo	Ejerlejlighed	Hedensted	5	7	4	4	35	32	29	24	22	18	18	22	21	32	30	26	23	40	32	32	26	27	18	14	14	16	12	13	12	14	18	15	13	14	12	19	20	20	13	14	16	20	19	12	12	10	11	18
Boliger til salg, ultimo	Ejerlejlighed	Horsens	17	28	34	41	21	19	16	14	33	72	89	109	111	117	133	138	144	154	144	140	132	115	130	115	122	133	124	135	125	135	122	128	110	102	97	96	96	97	92	89	85	74	69	67	73	72	67	70
Boliger til salg, ultimo	Ejerlejlighed	Norddjurs	16	21	19	24	25	27	15	18	13	9	12	20	23	19	20	22	22	24	31	40	41	43	35	27	30	43	43	37	33	39	34	25	32	33	29	32	27	25	23	24	22	24	24	23	19	26	28	24
Boliger til salg, ultimo	Ejerlejlighed	Odder	18	12	9	7	7	13	13	9	7	7	4	18	27	46	49	74	76	70	57	52	46	45	45	51	48	56	49	40	27	39	42	31	37	38	32	34	35	32	26	30	30	31	38	36	42	38	32	29
Boliger til salg, ultimo	Ejerlejlighed	Randers	199	208	195	156	148	150	121	109	84	128	164	205	230	244	295	298	350	361	357	348	318	344	342	334	353	342	347	324	306	309	294	282	282	261	268	249	267	263	284	261	225	229	219	221	202	211	201	182
Boliger til salg, ultimo	Ejerlejlighed	Samsø	0	..	..	..	..	..	..	1	0	..	..	..	..	..	..	..	..	1	3	3	5	16	16	13	11	16	12	11	7	9	9	5	4	6	8	7	5	3	3	4	3	3	3	5	3	3	3	1
Boliger til salg, ultimo	Ejerlejlighed	Silkeborg	13	14	22	28	33	37	31	17	15	26	25	21	22	43	42	78	78	88	127	116	103	104	118	103	93	102	97	88	92	107	96	86	93	95	92	82	80	86	75	66	65	69	71	75	77	73	90	77
Boliger til salg, ultimo	Ejerlejlighed	Skanderborg	19	20	12	11	15	13	11	9	31	67	70	70	74	105	138	139	155	154	123	94	89	68	60	73	60	65	63	65	64	56	52	54	60	53	72	62	63	63	65	58	48	51	52	43	34	40	49	60
Boliger til salg, ultimo	Ejerlejlighed	Syddjurs	6	9	22	19	18	18	15	25	16	41	44	48	42	48	49	77	48	50	50	36	39	34	46	37	43	44	50	46	44	40	32	39	31	35	30	28	32	33	33	26	27	30	31	30	27	19	16	16
Boliger til salg, ultimo	Ejerlejlighed	Århus	191	259	371	365	397	457	455	456	528	758	1012	1035	1061	1221	1196	1076	930	988	992	876	720	690	643	577	577	721	667	595	689	933	948	734	672	659	636	562	573	627	617	516	513	593	620	480	467	441	489	403
Boliger til salg, ultimo	Ejerlejlighed	Landsdel Vestjylland	155	174	175	205	186	210	170	199	155	169	195	286	301	341	399	380	383	433	434	431	437	430	449	458	442	474	450	407	416	421	407	391	376	361	373	373	396	371	357	328	321	352	360	360	343	353	339	348
Boliger til salg, ultimo	Ejerlejlighed	Herning	51	51	46	50	45	53	33	39	53	65	86	137	131	154	173	146	149	162	171	169	175	166	161	172	166	168	154	136	136	127	130	120	95	89	104	96	98	97	85	102	95	125	144	139	120	124	123	121
Boliger til salg, ultimo	Ejerlejlighed	Holstebro	16	13	8	9	13	18	15	13	9	13	13	11	13	20	22	25	26	33	33	31	37	34	40	29	27	38	40	43	41	48	50	53	54	55	51	51	51	48	46	35	43	45	40	39	45	39	37	36
Boliger til salg, ultimo	Ejerlejlighed	Ikast-Brande	4	5	11	17	13	15	15	21	11	15	14	33	30	27	29	30	36	40	33	35	35	41	53	59	51	30	20	13	19	28	24	21	21	23	27	27	22	22	26	20	17	16	16	19	23	20	12	31
Boliger til salg, ultimo	Ejerlejlighed	Lemvig	2	1	1	1	3	6	8	4	5	5	6	4	5	7	7	16	15	16	17	16	16	15	16	16	14	9	7	14	14	9	10	10	9	9	8	6	5	6	5	6	8	10	11	11	8	8	10	9
Boliger til salg, ultimo	Ejerlejlighed	Ringkøbing-Skjern	16	20	33	37	27	29	35	40	26	29	30	31	28	26	33	27	29	32	26	34	41	43	40	44	43	56	63	57	62	55	52	56	53	52	58	64	62	60	57	53	52	52	56	50	44	46	40	31
Boliger til salg, ultimo	Ejerlejlighed	Skive	17	19	12	12	7	10	7	10	11	8	6	5	6	8	14	9	13	16	19	16	17	15	14	12	9	14	29	13	15	19	24	21	21	16	19	23	33	32	34	28	26	29	19	14	13	14	17	17
Boliger til salg, ultimo	Ejerlejlighed	Struer	4	6	8	7	11	14	10	25	10	8	6	38	43	38	44	42	35	44	43	42	37	34	39	41	48	50	47	44	44	39	38	37	39	35	29	31	47	49	46	29	30	32	30	37	40	43	43	44
Boliger til salg, ultimo	Ejerlejlighed	Viborg	45	59	56	72	67	65	47	47	30	26	34	27	45	61	77	85	80	90	92	88	79	82	86	85	84	109	90	87	85	96	79	73	84	82	77	75	78	57	58	55	50	43	44	51	50	59	57	59
Boliger til salg, ultimo	Ejerlejlighed	Region Nordjylland	300	327	345	472	338	433	406	362	307	389	423	528	620	734	792	759	812	904	955	948	892	868	852	803	806	883	814	739	724	818	782	722	664	698	651	584	619	654	659	596	598	646	639	551	514	524	553	452
Boliger til salg, ultimo	Ejerlejlighed	Landsdel Nordjylland	300	327	345	472	338	433	406	362	307	389	423	528	620	734	792	759	812	904	955	948	892	868	852	803	806	883	814	739	724	818	782	722	664	698	651	584	619	654	659	596	598	646	639	551	514	524	553	452
Boliger til salg, ultimo	Ejerlejlighed	Brønderslev	7	8	11	9	11	11	11	8	4	5	5	4	5	6	8	9	12	15	16	14	13	15	11	10	10	13	10	9	12	11	11	9	8	8	7	8	9	7	7	13	13	8	28	26	6	7	6	4
Boliger til salg, ultimo	Ejerlejlighed	Frederikshavn	36	37	34	30	29	28	23	33	22	36	51	40	37	59	65	64	69	83	138	140	137	146	142	153	156	131	125	111	113	119	114	114	111	120	120	109	109	104	101	90	85	95	103	111	130	104	107	97
Boliger til salg, ultimo	Ejerlejlighed	Hjørring	18	13	15	20	22	38	33	25	26	24	22	32	34	45	49	49	54	46	66	72	77	82	85	90	90	101	97	70	71	78	63	61	54	59	62	73	68	65	67	61	84	70	64	63	68	74	69	65
Boliger til salg, ultimo	Ejerlejlighed	Jammerbugt	8	8	11	11	12	34	30	29	25	22	11	16	9	9	11	10	7	7	9	19	17	12	10	13	13	20	19	15	17	22	25	26	23	23	20	21	22	12	16	11	13	24	24	23	25	19	16	12
Boliger til salg, ultimo	Ejerlejlighed	Læsø	..	..	..	..	..	..	..	..	..	..	..	..	..	..	..	..	..	..	..	..	..	..	2	2	0	..	..	1	1	1	1	1	1	1	0	..	1	1	1	1	1	0	..	..	..	..	..	..
Boliger til salg, ultimo	Ejerlejlighed	Mariagerfjord	10	12	10	10	16	25	24	14	11	19	17	15	14	15	16	15	13	13	18	22	25	26	31	32	31	34	32	32	35	26	24	28	29	24	18	16	12	13	13	16	14	13	13	12	14	18	21	24
Boliger til salg, ultimo	Ejerlejlighed	Morsø	0	..	..	..	1	1	1	0	..	..	6	6	6	7	0	..	..	1	0	..	..	1	2	1	2	2	2	1	0	..	1	0	..	..	..	..	..	..	..	..	..	7	7	9	1	1	2	2
Boliger til salg, ultimo	Ejerlejlighed	Rebild	3	5	8	5	2	4	4	2	0	3	3	7	2	4	10	7	4	6	16	21	13	9	10	10	10	9	26	25	24	30	26	22	28	27	23	22	21	19	19	19	16	8	9	8	5	4	3	1
Boliger til salg, ultimo	Ejerlejlighed	Thisted	8	10	9	7	7	6	14	5	8	18	20	24	24	33	21	23	18	23	23	23	17	19	16	18	28	37	25	29	26	28	27	25	31	32	37	32	31	27	33	31	25	23	21	21	23	18	20	18
Boliger til salg, ultimo	Ejerlejlighed	Vesthimmerlands	2	2	4	4	3	3	9	9	9	12	14	11	8	7	6	8	11	7	5	5	7	10	11	7	5	4	4	4	13	17	17	18	18	18	16	16	18	21	23	22	15	15	14	14	7	6	6	8
Boliger til salg, ultimo	Ejerlejlighed	Aalborg	208	232	243	376	235	283	257	237	202	250	274	373	481	549	606	574	624	703	664	632	586	548	532	467	461	532	474	442	412	486	473	418	361	386	348	287	328	385	379	332	332	383	356	264	235	273	303	221
Boliger til salg, ultimo	Fritidshus	Esbjerg	1	4	2	2	2	2	5	5	6	5	8	7	4	1	0	4	6	10	8	5	3	6	6	8	9	11	10	8	11	14	14	13	12	7	10	10	11	15	19	19	17	22	20	20	18	17	17	15
Boliger til salg, ultimo	Fritidshus	Fanø	17	32	31	46	39	61	72	61	57	72	68	60	65	73	90	87	95	111	134	132	140	132	119	113	122	127	125	118	119	146	144	142	136	154	160	158	164	176	168	162	169	175	170	163	169	168	170	171
Boliger til salg, ultimo	Fritidshus	Fredericia	1	2	2	2	2	3	1	2	2	1	2	2	2	1	0	1	1	1	1	2	3	3	3	1	4	6	3	5	6	7	3	1	3	3	2	2	3	4	3	3	5	6	6	5	6	7	7	7
Boliger til salg, ultimo	Fritidshus	Haderslev	7	4	4	7	9	12	18	21	20	25	24	19	25	25	25	26	31	39	49	52	57	59	39	39	44	60	52	56	64	65	68	72	86	87	95	93	93	117	108	102	105	113	108	107	107	107	91	91
Boliger til salg, ultimo	Fritidshus	Kolding	28	23	26	26	32	31	45	48	46	54	52	57	61	71	68	62	67	82	89	85	82	76	75	74	75	84	82	69	76	89	87	91	97	103	111	97	111	117	116	111	114	134	131	119	125	128	120	105
Boliger til salg, ultimo	Fritidshus	Sønderborg	22	21	37	37	37	39	55	55	51	65	67	71	74	71	78	75	101	105	107	111	117	121	114	111	113	108	111	114	121	136	145	142	138	149	152	145	152	154	156	136	149	160	158	154	153	162	157	153
Boliger til salg, ultimo	Fritidshus	Tønder	20	31	22	20	31	31	79	105	110	151	175	162	174	149	161	173	178	234	208	204	194	203	206	207	213	232	229	223	233	243	238	231	234	233	235	183	257	265	259	244	253	271	261	269	291	329	326	306
Boliger til salg, ultimo	Fritidshus	Varde	93	165	196	224	241	253	301	275	276	317	351	335	424	425	451	432	456	485	480	475	478	468	427	400	426	472	461	440	487	561	561	545	558	574	570	552	599	657	659	634	610	634	606	565	580	605	612	596
Boliger til salg, ultimo	Fritidshus	Vejen	..	..	..	1	1	0	..	1	0	..	1	1	1	2	5	5	5	7	7	7	6	6	5	6	7	7	6	7	7	10	8	8	8	8	8	7	7	7	7	8	7	8	7	5	3	4	4	4
Boliger til salg, ultimo	Fritidshus	Vejle	14	20	23	22	21	15	21	19	27	32	28	32	45	55	50	47	56	62	66	65	74	76	68	67	70	79	71	58	62	78	79	72	72	78	81	76	80	95	97	90	96	105	100	85	94	97	90	78
Boliger til salg, ultimo	Fritidshus	Aabenraa	3	0	3	5	7	8	15	15	14	23	22	22	25	41	45	43	47	48	46	47	50	52	49	40	41	45	45	33	39	47	51	43	41	39	42	40	42	44	45	42	45	47	44	43	49	46	48	48
Boliger til salg, ultimo	Fritidshus	Region Midtjylland	459	688	745	695	708	840	932	892	921	1127	1167	1124	1254	1425	1476	1495	1736	1976	2002	1936	1959	1978	1831	1662	1811	2196	2121	1933	2048	2503	2453	2247	2320	2371	2330	2194	2450	2726	2701	2394	2495	2769	2646	2397	2661	2847	2765	2499
Boliger til salg, ultimo	Fritidshus	Landsdel Østjylland	230	322	351	306	278	342	371	360	368	492	543	525	586	666	736	745	888	1014	997	965	961	997	939	833	910	1141	1124	1003	1048	1299	1274	1175	1202	1228	1223	1107	1240	1400	1377	1194	1223	1385	1338	1196	1317	1417	1358	1217
Boliger til salg, ultimo	Fritidshus	Favrskov	1	1	0	..	..	..	..	..	..	..	..	..	..	1	0	1	1	1	0	..	..	2	2	2	1	1	1	0	..	..	..	..	..	..	..	..	..	..	..	1	2	3	1	1	2	4	3	3
Boliger til salg, ultimo	Fritidshus	Hedensted	24	27	31	23	26	40	39	37	39	49	55	50	56	64	67	67	81	102	102	90	86	84	79	65	71	95	89	88	97	127	119	120	123	130	124	110	126	131	131	117	128	132	145	126	135	147	138	143
Boliger til salg, ultimo	Fritidshus	Horsens	..	0	..	..	2	1	1	2	1	2	2	1	1	3	1	1	1	2	4	5	6	7	7	6	7	8	7	6	5	5	3	4	4	6	7	7	8	10	10	11	8	10	8	8	9	12	12	10
Boliger til salg, ultimo	Fritidshus	Norddjurs	42	51	61	49	40	48	67	64	58	82	85	89	101	102	114	119	149	186	185	183	188	203	188	187	193	264	244	223	243	289	288	279	290	285	292	275	314	353	351	314	324	364	331	299	325	356	344	325
Boliger til salg, ultimo	Fritidshus	Odder	22	16	20	20	20	23	29	32	32	40	33	35	45	58	64	66	72	80	89	87	89	90	84	78	81	89	91	81	83	93	95	96	100	104	102	88	107	108	106	86	91	108	106	85	106	119	121	100
Boliger til salg, ultimo	Fritidshus	Randers	0	1	1	0	..	0	0	1	0	0	1	1	0	0	..	..	..	3	3	3	3	5	4	3	4	2	0	..	..	4	4	4	5	6	5	5	5	8	6	7	8	5	3	4	3	3	4	4
Boliger til salg, ultimo	Fritidshus	Samsø	5	3	4	5	1	7	5	1	3	10	8	8	9	12	9	14	18	29	30	24	26	29	26	24	32	44	51	44	37	54	47	44	45	42	42	46	49	56	57	57	48	54	51	50	55	54	49	44
Boliger til salg, ultimo	Fritidshus	Silkeborg	10	15	17	16	16	13	12	11	9	18	23	21	23	35	37	37	44	52	53	61	66	66	53	47	43	51	61	51	54	70	80	74	64	61	62	46	55	60	68	54	50	63	63	63	69	79	74	67
Boliger til salg, ultimo	Fritidshus	Skanderborg	5	3	3	3	2	1	2	1	1	5	6	3	3	5	5	3	6	7	9	8	9	13	11	8	10	10	8	8	6	12	9	10	8	7	9	10	7	9	10	12	11	11	10	7	8	9	7	5
Boliger til salg, ultimo	Fritidshus	Syddjurs	94	177	191	171	157	200	206	191	203	255	295	284	322	346	386	374	453	479	452	446	432	434	420	353	403	493	490	446	459	560	545	472	494	511	500	440	474	560	536	463	482	549	536	483	526	556	528	461
Boliger til salg, ultimo	Fritidshus	Århus	27	28	23	19	14	9	10	20	22	31	35	33	26	40	53	63	63	73	70	58	56	64	65	60	65	84	82	56	64	85	84	72	69	76	80	80	95	105	102	72	71	86	84	70	79	78	78	55
Boliger til salg, ultimo	Fritidshus	Landsdel Vestjylland	229	366	394	389	430	498	561	532	553	635	624	599	668	759	740	750	848	962	1005	971	998	981	892	829	901	1055	997	930	1000	1204	1179	1072	1118	1143	1107	1087	1210	1326	1324	1200	1272	1384	1308	1201	1344	1430	1407	1282
Boliger til salg, ultimo	Fritidshus	Herning	2	2	3	2	2	1	3	2	3	4	5	6	7	5	4	3	5	3	6	8	13	16	15	15	13	15	14	13	11	11	12	15	12	13	15	15	15	19	20	22	24	24	22	18	20	20	17	10
Boliger til salg, ultimo	Fritidshus	Holstebro	12	38	37	27	32	42	50	41	40	53	47	35	59	66	71	71	85	105	105	96	98	80	77	76	88	119	122	116	122	160	154	144	151	162	148	146	165	168	174	148	152	166	159	147	166	179	182	164
Boliger til salg, ultimo	Fritidshus	Ikast-Brande	3	3	3	3	3	1	3	1	0	1	0	0	2	2	5	6	5	6	9	6	4	11	9	9	8	10	10	12	12	11	7	7	9	10	11	11	12	12	13	10	9	11	9	9	9	12	13	9
Boliger til salg, ultimo	Fritidshus	Lemvig	32	57	63	68	77	86	91	84	88	110	112	112	124	146	139	146	152	190	192	191	180	178	160	147	153	175	159	147	156	189	181	166	176	187	177	176	194	218	211	191	190	207	203	192	190	199	196	187
Boliger til salg, ultimo	Fritidshus	Ringkøbing-Skjern	121	202	219	228	264	296	343	340	349	390	388	367	395	429	420	415	471	494	518	495	531	527	472	433	483	540	503	456	490	588	573	525	540	534	525	518	579	629	631	578	632	688	650	596	685	725	709	647
Boliger til salg, ultimo	Fritidshus	Skive	41	45	51	43	34	49	43	36	44	41	39	39	44	57	51	51	60	87	96	97	95	99	99	90	93	115	101	103	119	147	156	138	140	145	145	134	143	166	161	152	159	169	148	128	149	160	159	145
Boliger til salg, ultimo	Fritidshus	Struer	12	9	6	7	8	15	18	17	19	24	26	25	25	38	38	41	49	51	52	54	53	45	39	39	45	60	66	64	69	74	74	62	72	74	70	70	79	86	86	80	85	91	89	86	97	100	96	88
Boliger til salg, ultimo	Fritidshus	Viborg	6	10	12	11	10	8	10	11	10	12	7	15	12	16	12	17	21	26	27	24	24	25	21	20	18	21	22	19	21	24	22	15	18	18	16	17	23	28	28	19	21	28	28	25	28	35	35	32
Boliger til salg, ultimo	Fritidshus	Region Nordjylland	455	594	623	623	574	651	783	770	798	1033	1096	1113	1216	1447	1472	1433	1616	1874	1915	1896	1950	2030	1960	1858	1946	2280	2226	2160	2323	2610	2558	2486	2467	2569	2613	2484	2729	2908	3004	2775	2834	3022	2882	2639	2868	3017	2920	2686
Boliger til salg, ultimo	Fritidshus	Landsdel Nordjylland	455	594	623	623	574	651	783	770	798	1033	1096	1113	1216	1447	1472	1433	1616	1874	1915	1896	1950	2030	1960	1858	1946	2280	2226	2160	2323	2610	2558	2486	2467	2569	2613	2484	2729	2908	3004	2775	2834	3022	2882	2639	2868	3017	2920	2686
Boliger til salg, ultimo	Fritidshus	Brønderslev	1	0	2	1	0	0	2	2	4	3	6	5	5	7	10	11	13	14	15	13	12	13	13	10	9	10	9	8	11	13	12	11	11	9	11	12	12	17	14	12	12	15	15	12	15	12	10	12
Boliger til salg, ultimo	Fritidshus	Frederikshavn	49	42	41	49	54	74	86	88	101	111	126	123	137	164	174	169	179	220	246	234	235	245	251	240	264	302	292	290	312	353	332	302	309	340	334	306	345	368	349	318	328	356	337	315	340	357	335	314
Boliger til salg, ultimo	Fritidshus	Hjørring	74	112	130	124	120	138	159	143	162	174	198	212	210	259	284	294	314	366	380	385	390	385	382	361	376	425	423	440	464	528	517	518	512	520	536	520	562	606	607	571	597	637	613	554	591	609	603	570
Boliger til salg, ultimo	Fritidshus	Jammerbugt	74	127	147	153	134	147	188	180	204	261	288	276	317	356	341	334	369	444	455	444	455	502	455	436	465	530	509	483	543	569	549	530	529	542	574	552	603	624	683	619	609	627	591	538	573	590	559	480
Boliger til salg, ultimo	Fritidshus	Læsø	18	22	21	21	18	20	24	23	21	38	28	30	32	42	36	33	38	45	33	40	46	48	51	51	54	62	52	50	58	61	65	65	54	55	57	60	65	76	81	88	85	94	88	85	101	103	95	85
Boliger til salg, ultimo	Fritidshus	Mariagerfjord	41	60	74	75	54	60	67	68	60	77	94	88	90	103	100	116	140	150	147	137	136	146	147	137	128	177	177	179	180	217	213	215	195	201	207	189	212	225	237	217	222	232	223	201	233	240	235	221
Boliger til salg, ultimo	Fritidshus	Morsø	7	16	17	15	8	6	9	8	9	10	8	9	7	13	11	9	14	18	14	18	23	28	24	24	26	30	33	26	32	36	36	36	36	38	35	32	36	37	37	35	39	37	36	34	35	41	40	38
Boliger til salg, ultimo	Fritidshus	Rebild	..	..	..	..	..	..	1	1	1	1	1	0	..	1	1	1	0	0	1	1	1	2	2	1	1	2	2	2	2	3	3	3	3	2	3	2	2	2	2	2	2	2	4	4	3	3	3	3
Boliger til salg, ultimo	Fritidshus	Thisted	50	83	82	75	75	68	66	70	72	100	96	101	120	140	145	132	172	188	188	194	204	221	214	197	214	252	250	247	251	271	282	263	268	265	260	243	268	278	278	269	274	295	280	255	284	330	338	330
Boliger til salg, ultimo	Fritidshus	Vesthimmerlands	54	53	46	43	38	45	43	43	45	70	79	91	93	108	91	84	98	113	108	107	117	125	128	120	123	140	141	120	136	146	145	150	154	169	168	165	200	204	212	188	208	238	219	200	228	235	229	193
Boliger til salg, ultimo	Fritidshus	Aalborg	87	79	63	67	73	93	138	144	119	188	172	178	205	254	279	250	279	316	328	323	331	315	293	281	286	350	338	315	334	413	404	393	396	428	428	403	424	471	504	456	458	489	476	441	465	497	473	440
