bevægelsestype	ejendomskategori	område	2004K1	2004K2	2004K3	2004K4	2005K1	2005K2	2005K3	2005K4	2006K1	2006K2	2006K3	2006K4	2007K1	2007K2	2007K3	2007K4	2008K1	2008K2	2008K3	2008K4	2009K1	2009K2	2009K3	2009K4	2010K1	2010K2	2010K3	2010K4	2011K1	2011K2	2011K3	2011K4	2012K1	2012K2	2012K3	2012K4	2013K1	2013K2	2013K3	2013K4	2014K1	2014K2	2014K3	2014K4	2015K1	2015K2	2015K3	2015K4	
Solgte boliger	Parcel-/rækkehus	Hele landet	9342	10578	7141	8690	9640	12029	10909	9555	10293	10941	9272	7279	8954	10996	9875	8918	8608	10426	7725	4912	5414	7598	7674	7106	7261	8224	8181	6870	6180	6878	6392	5678	6074	6972	7094	6316	5847	7484	7097	6490	6702	8065	7816	7486	8588	10231	9368	7952
Solgte boliger	Parcel-/rækkehus	Region Hovedstaden	2168	2576	1686	1764	2035	2458	2187	1757	1977	2005	1630	1142	1523	2054	1909	1619	1636	2015	1409	989	1200	1845	1820	1804	1784	1977	1881	1584	1492	1584	1418	1328	1472	1722	1783	1668	1532	1976	1876	1714	1795	2119	2154	1947	2341	2686	2299	1962
Solgte boliger	Parcel-/rækkehus	Landsdel København by	234	348	181	217	263	293	223	203	181	209	207	151	158	269	262	212	220	285	175	126	169	292	286	228	266	300	292	238	213	226	212	202	231	292	310	264	246	312	288	256	305	351	341	280	357	387	313	294
Solgte boliger	Parcel-/rækkehus	København	135	216	95	123	151	166	127	120	113	123	126	95	88	168	151	135	147	179	102	59	101	179	178	139	149	169	167	144	122	145	126	129	149	167	178	154	144	173	179	157	172	192	184	164	212	205	171	162
Solgte boliger	Parcel-/rækkehus	Frederiksberg	16	14	10	11	16	10	9	11	5	15	8	8	9	11	11	2	6	10	7	7	5	10	17	12	13	16	11	9	9	7	11	8	8	11	18	13	17	15	12	10	12	21	19	7	20	18	13	11
Solgte boliger	Parcel-/rækkehus	Dragør	16	26	17	18	26	28	14	15	15	18	21	9	15	12	16	18	12	25	22	11	18	29	31	24	37	36	39	30	21	23	14	21	24	45	37	34	30	37	36	23	37	55	43	34	41	51	45	44
Solgte boliger	Parcel-/rækkehus	Tårnby	67	92	59	65	70	89	73	57	48	53	52	39	46	78	84	57	55	71	44	49	45	74	60	53	67	79	75	55	61	51	61	44	50	69	77	63	55	87	61	66	84	83	95	75	84	113	84	78
Solgte boliger	Parcel-/rækkehus	Landsdel Københavns omegn	755	894	542	597	744	833	683	580	705	636	513	382	514	757	668	581	598	762	524	370	466	660	671	679	642	728	690	605	535	583	486	509	577	633	672	612	574	766	705	643	637	797	819	757	916	1029	845	737
Solgte boliger	Parcel-/rækkehus	Albertslund	47	33	32	35	31	22	36	32	39	28	16	21	24	30	31	33	33	31	24	13	22	29	25	29	35	29	21	16	23	21	26	27	21	16	29	22	21	25	28	24	27	28	28	36	29	52	41	37
Solgte boliger	Parcel-/rækkehus	Ballerup	64	60	44	44	58	72	48	59	53	63	49	32	46	55	55	42	41	80	41	36	29	45	49	58	61	58	64	40	37	45	35	33	49	46	46	49	52	53	53	44	41	54	56	63	60	85	71	56
Solgte boliger	Parcel-/rækkehus	Brøndby	38	46	30	23	39	29	39	38	49	32	31	29	32	33	45	35	33	46	34	26	18	42	35	18	26	36	24	24	23	30	26	21	31	38	48	34	23	44	50	40	42	49	47	36	46	60	50	41
Solgte boliger	Parcel-/rækkehus	Gentofte	127	141	88	105	120	132	112	109	117	114	74	57	65	95	92	77	84	128	82	58	92	131	110	135	100	120	101	106	88	105	76	90	98	103	119	117	100	124	114	101	105	128	112	130	135	166	117	131
Solgte boliger	Parcel-/rækkehus	Gladsaxe	90	115	65	63	95	101	79	65	89	84	71	54	66	92	82	65	62	85	66	44	53	30	76	74	83	105	99	83	69	82	59	57	81	91	91	65	74	91	87	74	78	83	118	92	93	124	113	92
Solgte boliger	Parcel-/rækkehus	Glostrup	15	31	12	24	25	24	24	17	23	16	21	19	16	31	27	23	24	22	15	18	21	27	20	26	16	17	21	22	16	18	18	16	14	18	18	24	22	33	20	25	21	19	29	27	46	33	45	23
Solgte boliger	Parcel-/rækkehus	Herlev	25	41	19	30	33	39	19	16	19	27	18	15	14	45	26	32	30	32	23	18	17	36	35	32	22	32	22	31	14	27	28	24	24	30	33	20	23	31	34	31	29	39	49	44	52	57	35	31
Solgte boliger	Parcel-/rækkehus	Hvidovre	73	113	50	47	52	81	84	61	75	59	51	45	57	95	67	60	68	83	47	27	36	60	73	73	69	70	85	77	64	49	49	52	63	61	56	65	70	73	72	64	76	99	110	92	117	106	93	75
Solgte boliger	Parcel-/rækkehus	Høje-Taastrup	64	70	61	61	98	91	75	50	72	78	58	28	58	76	75	53	60	73	57	27	33	57	66	41	55	45	52	53	65	41	49	47	49	61	52	50	57	79	58	54	58	80	66	51	81	92	94	83
Solgte boliger	Parcel-/rækkehus	Ishøj	33	34	19	32	32	49	34	24	25	19	23	9	17	22	19	22	21	18	12	13	20	15	15	18	20	28	18	17	20	16	14	14	21	14	24	25	15	25	27	23	19	27	27	28	41	32	25	27
Solgte boliger	Parcel-/rækkehus	Lyngby-Taarbæk	98	115	69	59	97	88	62	57	75	54	58	34	58	87	64	69	75	77	71	45	71	106	85	91	97	95	100	75	54	80	48	58	64	87	83	76	58	109	85	84	73	87	93	76	111	99	71	74
Solgte boliger	Parcel-/rækkehus	Rødovre	49	72	39	48	47	77	49	29	49	37	25	34	44	51	52	46	35	51	38	27	33	46	55	49	44	71	54	43	31	48	35	45	41	38	39	37	45	50	54	50	46	65	42	57	62	78	63	40
Solgte boliger	Parcel-/rækkehus	Vallensbæk	32	23	14	26	17	28	22	23	20	25	18	5	17	45	33	24	32	36	14	18	21	36	27	35	14	22	29	18	31	21	23	25	21	30	34	28	14	29	23	29	22	39	42	25	43	45	27	26
Solgte boliger	Parcel-/rækkehus	Landsdel Nordsjælland	1029	1173	850	815	878	1145	1052	807	901	966	731	466	669	855	800	666	689	817	594	414	482	782	751	799	785	820	774	644	664	693	611	541	589	704	713	715	639	803	794	734	767	873	877	800	954	1165	1015	836
Solgte boliger	Parcel-/rækkehus	Allerød	65	88	46	50	45	85	52	56	49	57	41	21	33	47	42	45	40	73	41	16	25	67	56	62	51	39	39	42	47	40	23	27	22	49	50	33	36	53	52	41	49	48	55	45	64	61	74	39
Solgte boliger	Parcel-/rækkehus	Egedal	113	128	83	77	61	76	114	58	96	101	70	35	65	111	83	79	88	119	65	47	45	71	91	97	66	84	90	79	63	95	65	54	69	74	82	88	65	84	90	82	89	110	115	83	108	133	107	118
Solgte boliger	Parcel-/rækkehus	Fredensborg	77	107	70	76	78	77	70	92	66	88	52	24	44	68	61	52	63	47	36	34	47	55	75	51	75	83	67	57	68	55	53	50	55	65	54	70	47	70	69	69	67	73	75	61	75	103	95	56
Solgte boliger	Parcel-/rækkehus	Frederikssund	101	135	71	85	90	130	125	90	93	107	88	41	76	112	90	71	64	77	76	37	43	73	50	66	69	74	78	64	60	64	58	44	58	65	62	53	53	73	71	51	63	85	86	88	87	120	104	73
Solgte boliger	Parcel-/rækkehus	Furesø	72	93	73	45	70	82	58	50	46	67	45	32	54	53	57	48	45	58	60	27	29	72	69	74	86	80	76	72	60	55	50	40	58	59	61	70	78	73	84	62	72	80	79	81	90	81	70	82
Solgte boliger	Parcel-/rækkehus	Gribskov	114	117	82	92	106	135	109	107	101	104	84	60	76	78	86	56	49	74	37	42	42	79	65	52	76	68	68	44	53	63	61	55	54	61	67	61	55	67	62	68	47	61	78	67	78	108	102	80
Solgte boliger	Parcel-/rækkehus	Halsnæs	70	85	86	74	78	92	95	65	87	97	60	54	66	65	61	57	56	56	46	28	45	54	57	50	34	63	43	36	45	57	42	48	33	59	46	36	45	53	52	56	51	50	60	54	52	92	73	59
Solgte boliger	Parcel-/rækkehus	Helsingør	117	117	92	90	77	107	127	82	103	124	92	59	78	103	103	79	84	97	71	55	67	81	78	91	85	85	98	72	83	70	70	58	59	67	77	71	61	86	77	76	91	91	86	102	124	128	105	116
Solgte boliger	Parcel-/rækkehus	Hillerød	95	85	71	80	95	140	114	74	97	86	71	60	69	75	75	61	76	73	59	45	45	73	66	92	74	82	68	58	61	66	61	58	66	55	57	62	59	75	59	66	78	80	80	67	88	112	84	68
Solgte boliger	Parcel-/rækkehus	Hørsholm	62	65	63	47	66	62	74	51	56	61	45	27	45	61	60	41	38	45	44	35	26	62	51	55	59	54	52	39	41	39	28	39	49	50	49	54	43	60	54	58	54	75	61	42	66	82	61	49
Solgte boliger	Parcel-/rækkehus	Rudersdal	143	153	113	99	112	159	114	82	107	74	83	53	63	82	82	77	86	98	59	48	68	95	93	109	110	108	95	81	83	89	100	68	66	100	108	117	97	109	124	105	106	120	102	110	122	144	139	98
Solgte boliger	Parcel-/rækkehus	Landsdel Bornholm	150	161	113	135	150	187	229	167	190	194	179	143	182	173	179	160	129	151	116	79	83	111	112	98	91	129	125	97	80	82	109	76	75	93	88	77	73	95	89	81	86	98	117	110	114	106	126	95
Solgte boliger	Parcel-/rækkehus	Bornholm	150	161	113	135	150	187	229	167	190	194	179	143	182	173	179	160	129	151	116	79	83	111	112	98	91	129	125	97	80	82	109	76	75	93	88	77	73	95	89	81	86	98	117	110	114	106	126	95
Solgte boliger	Parcel-/rækkehus	Region Sjælland	1881	2161	1521	1884	2008	2554	2354	2103	2190	2329	1962	1576	1727	2117	1837	1616	1510	1711	1230	869	848	1224	1271	1159	1153	1322	1332	1079	918	1072	1055	886	928	1016	1156	1066	1016	1146	1187	1098	1166	1293	1332	1281	1460	1778	1777	1372
Solgte boliger	Parcel-/rækkehus	Landsdel Østsjælland	530	547	433	457	564	661	567	488	497	448	354	268	366	447	362	351	338	439	278	255	245	357	383	370	370	465	381	328	282	355	326	270	337	347	376	361	372	371	380	358	378	455	447	427	520	670	590	428
Solgte boliger	Parcel-/rækkehus	Greve	116	137	138	119	133	150	122	116	121	96	74	72	85	104	78	80	76	100	75	64	61	72	91	88	87	112	97	89	63	79	78	67	83	72	86	88	85	79	91	67	81	102	106	90	128	189	156	95
Solgte boliger	Parcel-/rækkehus	Køge	127	111	87	91	122	168	157	102	125	103	100	59	78	114	84	90	68	103	50	60	52	88	82	65	86	93	82	65	68	65	60	73	66	81	85	78	71	78	76	67	89	92	90	96	109	149	115	82
Solgte boliger	Parcel-/rækkehus	Lejre	68	78	51	71	71	82	69	80	75	61	47	49	80	51	59	47	38	53	37	24	28	46	48	54	47	49	49	44	30	52	38	26	44	39	43	33	38	46	42	40	44	55	54	42	60	69	63	50
Solgte boliger	Parcel-/rækkehus	Roskilde	145	151	110	128	167	182	158	130	126	139	96	59	95	136	116	102	115	143	90	75	74	120	133	114	108	156	117	98	85	115	116	82	110	117	130	120	135	121	119	134	108	162	140	148	160	187	193	130
Solgte boliger	Parcel-/rækkehus	Solrød	74	70	47	48	71	79	61	60	50	49	37	29	28	42	25	32	41	40	26	32	30	31	29	49	42	55	36	32	36	44	34	22	34	38	32	42	43	47	52	50	56	44	57	51	63	76	63	71
Solgte boliger	Parcel-/rækkehus	Landsdel Vest- og Sydsjælland	1351	1614	1088	1427	1444	1893	1787	1615	1693	1881	1608	1308	1361	1670	1475	1265	1172	1272	952	614	603	867	888	789	783	857	951	751	636	717	729	616	591	669	780	705	644	775	807	740	788	838	885	854	940	1108	1187	943
Solgte boliger	Parcel-/rækkehus	Faxe	78	137	75	111	96	135	137	110	125	126	86	76	79	87	70	66	47	64	49	37	24	48	42	43	51	61	60	55	42	44	40	38	43	48	51	42	39	51	60	58	53	53	48	59	60	68	69	62
Solgte boliger	Parcel-/rækkehus	Guldborgsund	163	169	143	161	178	214	223	169	192	229	218	167	142	206	198	166	166	155	138	99	76	95	108	105	95	87	100	86	72	88	93	75	65	91	90	91	91	95	113	84	104	101	120	98	90	141	141	103
Solgte boliger	Parcel-/rækkehus	Holbæk	135	152	109	149	125	183	185	154	192	209	171	144	151	183	186	141	135	126	88	56	60	92	102	83	80	99	97	69	76	74	92	63	69	63	72	87	90	77	76	76	97	80	81	92	111	122	138	120
Solgte boliger	Parcel-/rækkehus	Kalundborg	165	172	121	165	148	181	150	162	167	184	154	143	134	147	138	117	121	100	82	62	43	66	64	48	47	64	90	60	53	72	75	44	54	59	57	49	50	67	70	52	54	72	61	81	66	81	78	89
Solgte boliger	Parcel-/rækkehus	Lolland	132	139	94	123	113	166	193	175	139	160	159	141	117	157	167	141	109	135	103	67	52	100	89	65	57	74	81	67	58	64	67	52	35	52	56	62	45	92	69	57	67	86	78	64	74	67	78	63
Solgte boliger	Parcel-/rækkehus	Næstved	172	219	134	205	190	268	237	222	212	220	224	185	190	221	152	168	156	180	130	57	82	126	127	121	114	132	128	101	91	100	100	98	73	73	108	95	81	86	115	83	91	109	123	118	146	156	177	118
Solgte boliger	Parcel-/rækkehus	Odsherred	87	97	74	77	95	104	84	113	105	135	100	76	96	84	93	74	59	73	52	42	27	36	50	37	35	45	46	30	47	32	34	37	45	37	39	38	28	37	39	42	38	43	51	49	52	56	72	46
Solgte boliger	Parcel-/rækkehus	Ringsted	82	73	43	40	54	82	77	54	62	106	69	47	73	82	58	53	52	66	47	33	44	47	52	42	59	49	64	42	36	38	33	36	28	41	45	41	33	39	42	37	46	48	52	51	56	75	76	44
Solgte boliger	Parcel-/rækkehus	Slagelse	123	165	91	126	176	186	178	160	190	200	156	126	162	212	151	131	132	151	93	60	81	110	114	97	78	100	115	82	64	85	72	70	69	67	104	77	71	84	82	90	91	104	90	97	109	132	133	118
Solgte boliger	Parcel-/rækkehus	Sorø	69	80	54	69	70	97	83	72	94	99	87	53	61	94	74	70	66	70	51	32	42	53	35	43	52	43	49	54	28	39	43	39	33	40	47	40	38	46	45	42	35	43	49	41	57	61	73	52
Solgte boliger	Parcel-/rækkehus	Stevns	37	67	41	67	65	83	64	61	68	66	32	30	41	62	50	41	38	43	30	22	13	27	28	46	36	34	36	40	19	32	30	24	30	28	38	24	16	31	31	38	29	36	51	30	35	65	58	48
Solgte boliger	Parcel-/rækkehus	Vordingborg	108	144	109	134	134	194	176	163	147	147	152	120	115	135	138	97	91	109	89	47	59	67	77	59	79	69	85	65	50	49	50	40	47	70	73	59	62	70	65	81	83	63	81	74	84	84	94	81
Solgte boliger	Parcel-/rækkehus	Region Syddanmark	2174	2399	1648	2089	2291	2918	2647	2321	2513	2714	2360	1921	2370	2831	2446	2315	2157	2712	2039	1251	1321	1752	1921	1657	1644	1888	1998	1596	1467	1695	1564	1318	1401	1626	1637	1420	1250	1701	1543	1426	1491	1843	1693	1656	1861	2295	2122	1850
Solgte boliger	Parcel-/rækkehus	Landsdel Fyn	929	1018	699	899	969	1316	1130	995	1010	1087	950	841	921	1069	984	848	870	1103	782	500	498	683	789	671	698	756	789	623	569	656	650	527	536	692	677	610	499	687	665	593	623	757	749	698	773	1032	930	765
Solgte boliger	Parcel-/rækkehus	Assens	86	106	62	98	102	148	123	120	103	117	105	94	91	105	109	92	97	112	87	55	50	54	73	69	65	60	75	53	62	63	62	48	46	58	51	59	40	55	52	57	47	54	67	52	64	77	87	64
Solgte boliger	Parcel-/rækkehus	Faaborg-Midtfyn	96	111	80	94	107	138	126	130	111	148	108	83	107	94	98	84	96	143	82	50	53	80	88	79	89	83	86	65	67	89	71	60	57	74	85	76	55	66	62	62	69	92	74	65	78	103	106	94
Solgte boliger	Parcel-/rækkehus	Kerteminde	37	42	35	50	40	54	73	60	43	56	51	41	46	55	50	38	51	61	47	22	23	28	27	31	33	28	43	23	22	35	35	22	16	33	24	24	15	35	24	30	31	36	34	39	37	55	52	42
Solgte boliger	Parcel-/rækkehus	Langeland	43	40	31	42	38	60	39	49	36	49	39	31	26	37	33	33	33	54	32	24	19	35	42	28	23	25	37	33	20	20	16	16	22	25	30	23	20	22	22	28	19	19	24	25	21	32	35	30
Solgte boliger	Parcel-/rækkehus	Middelfart	81	69	70	98	94	107	109	72	91	109	71	88	97	93	101	76	79	103	65	39	39	67	61	39	59	61	71	57	49	58	53	62	49	69	52	57	43	51	76	51	65	55	72	58	85	114	79	68
Solgte boliger	Parcel-/rækkehus	Nordfyns	66	86	47	56	66	98	84	77	90	69	74	70	62	91	106	64	56	71	61	32	33	36	53	46	43	49	38	32	28	29	42	36	37	28	43	34	29	38	45	37	36	38	43	54	40	50	57	40
Solgte boliger	Parcel-/rækkehus	Nyborg	66	61	40	65	65	83	99	62	63	78	69	73	73	80	76	73	54	86	65	35	40	28	61	46	40	59	53	57	44	33	51	32	28	47	45	39	40	48	42	38	31	40	61	31	51	59	55	46
Solgte boliger	Parcel-/rækkehus	Odense	316	365	195	264	301	427	305	263	315	290	282	232	291	349	262	247	265	311	204	165	161	245	264	245	247	280	282	199	204	235	227	179	196	255	256	198	183	272	244	217	242	313	274	261	291	405	307	272
Solgte boliger	Parcel-/rækkehus	Svendborg	123	124	131	117	145	178	154	150	145	149	138	118	111	143	119	123	109	133	110	68	64	91	98	74	92	98	85	94	63	81	77	64	77	91	79	87	66	86	85	69	74	93	87	95	95	117	134	87
Solgte boliger	Parcel-/rækkehus	Ærø	15	14	8	15	11	23	18	12	13	22	13	11	17	22	30	18	30	29	29	10	16	19	22	14	7	13	19	10	10	13	16	8	8	12	12	13	8	14	13	4	9	17	13	18	11	19	19	23
Solgte boliger	Parcel-/rækkehus	Landsdel Sydjylland	1245	1381	949	1190	1322	1602	1517	1326	1503	1627	1410	1080	1449	1762	1462	1467	1287	1609	1257	751	823	1069	1132	986	946	1132	1209	973	898	1039	914	791	865	934	960	810	751	1014	878	833	868	1086	944	958	1088	1263	1192	1085
Solgte boliger	Parcel-/rækkehus	Billund	49	48	41	52	61	67	56	52	66	73	65	45	49	67	77	65	66	78	49	26	41	54	50	35	33	48	45	47	40	49	41	32	34	42	46	37	25	33	30	39	42	40	44	45	47	51	48	61
Solgte boliger	Ejerlejlighed	Hele landet	3791	3734	2601	3321	4110	4537	4301	3542	4093	3386	2813	2333	2943	3413	3385	3046	3010	3056	2270	1598	1861	2516	2560	2504	2510	2736	2690	2495	2355	2341	2395	2188	2375	2837	2990	2602	2467	2800	2975	2764	2989	3330	3691	3523	4223	4469	4168	3610
Solgte boliger	Ejerlejlighed	Region Hovedstaden	2407	2472	1685	2068	2585	2862	2550	2072	2409	1884	1479	1309	1666	1985	2006	1780	1700	1769	1265	947	1091	1456	1479	1480	1406	1562	1511	1482	1407	1436	1447	1332	1503	1798	1915	1648	1533	1802	1894	1831	1995	2262	2453	2411	2811	2951	2774	2387
Solgte boliger	Ejerlejlighed	Landsdel København by	1529	1581	1042	1236	1567	1782	1581	1194	1507	1121	879	756	1071	1302	1327	1191	1075	1139	795	603	692	946	970	971	875	1008	994	951	897	925	946	894	1000	1211	1318	1115	997	1178	1295	1225	1306	1523	1656	1633	1868	1907	1800	1500
Solgte boliger	Ejerlejlighed	København	1215	1285	851	1001	1281	1463	1275	971	1199	864	723	610	870	1051	1063	956	836	883	635	466	523	763	720	746	660	773	781	727	688	721	753	705	772	955	1044	850	784	929	1002	963	1037	1204	1339	1314	1515	1541	1469	1220
Solgte boliger	Ejerlejlighed	Frederiksberg	288	261	173	200	251	276	277	200	263	237	139	131	177	224	240	202	211	229	144	128	152	167	237	200	192	209	192	198	188	188	183	172	208	227	243	235	191	223	262	235	240	283	285	277	312	320	292	235
Solgte boliger	Ejerlejlighed	Dragør	2	7	2	6	6	10	2	0	1	2	3	2	0	3	3	2	1	1	1	2	3	0	0	5	4	2	5	6	2	5	4	2	2	4	2	8	7	5	3	4	8	5	2	2	7	10	1	9
Solgte boliger	Ejerlejlighed	Tårnby	24	28	16	29	29	33	27	23	44	18	14	13	24	24	21	31	27	26	15	7	14	16	13	20	19	24	16	20	19	11	6	15	18	25	29	22	15	21	28	23	21	31	30	40	34	36	38	35
Solgte boliger	Ejerlejlighed	Landsdel Københavns omegn	577	572	406	514	668	701	603	566	547	464	375	344	339	419	420	353	380	358	319	215	261	322	308	331	325	337	337	318	322	332	320	278	332	371	384	339	372	412	368	403	453	501	519	532	621	694	660	579
Solgte boliger	Ejerlejlighed	Albertslund	12	11	8	10	10	7	4	7	10	9	11	7	5	10	9	7	11	9	9	3	8	2	1	4	4	7	9	5	1	9	2	4	6	11	3	5	6	6	7	5	4	4	8	7	11	15	14	5
Solgte boliger	Ejerlejlighed	Ballerup	9	11	12	8	11	10	11	11	12	12	15	15	13	11	11	14	10	7	5	6	8	6	5	9	6	9	11	11	14	20	9	10	7	9	18	11	14	9	8	11	16	18	18	13	25	13	16	21
Solgte boliger	Ejerlejlighed	Brøndby	8	3	4	7	8	4	8	4	9	8	4	8	5	4	2	3	2	2	3	2	0	4	5	3	3	4	3	0	1	0	3	1	3	6	1	0	2	8	1	4	2	3	4	1	2	6	3	2
Solgte boliger	Ejerlejlighed	Gentofte	171	182	116	135	195	201	174	162	152	126	90	90	91	119	131	95	115	109	84	58	88	84	124	120	122	113	113	113	102	113	85	89	120	129	114	104	116	131	112	131	147	140	152	147	170	187	166	157
Solgte boliger	Ejerlejlighed	Gladsaxe	59	61	54	48	73	78	63	67	60	45	28	48	35	39	40	42	40	35	37	28	30	18	15	32	28	41	34	42	38	33	34	33	34	47	56	45	49	49	45	54	66	84	65	69	88	95	92	93
Solgte boliger	Ejerlejlighed	Glostrup	21	17	15	16	23	24	27	19	32	15	16	14	16	13	24	17	12	11	15	4	7	12	7	10	10	9	10	7	6	7	12	7	14	5	13	8	17	17	18	11	20	16	8	27	25	32	28	23
Solgte boliger	Ejerlejlighed	Herlev	9	4	3	1	8	11	6	4	4	8	7	2	5	6	4	5	3	5	4	2	4	6	3	6	4	1	3	4	6	9	7	3	4	2	5	3	6	4	5	6	3	7	10	7	7	8	6	9
Solgte boliger	Ejerlejlighed	Hvidovre	40	37	31	43	45	58	39	40	39	26	31	18	18	31	24	28	27	25	27	12	9	17	21	16	20	21	16	20	16	22	30	16	23	17	25	23	26	25	17	18	31	25	37	29	38	40	51	35
Solgte boliger	Ejerlejlighed	Høje-Taastrup	93	74	58	100	119	112	91	70	76	72	64	53	51	57	63	45	59	48	44	38	28	53	41	45	40	46	46	28	39	29	50	35	32	50	42	38	39	43	49	50	51	55	71	75	86	94	95	82
Solgte boliger	Ejerlejlighed	Ishøj	28	23	12	26	35	32	33	35	24	20	18	8	12	12	6	11	13	12	8	6	13	14	11	9	7	10	7	11	16	9	6	9	12	8	6	10	11	16	5	14	10	17	17	17	11	18	17	26
Solgte boliger	Ejerlejlighed	Lyngby-Taarbæk	44	60	44	57	63	88	63	68	58	61	39	39	40	60	51	46	46	49	55	26	39	59	33	43	49	46	56	39	51	44	44	50	42	49	53	51	52	67	67	61	59	66	74	75	88	102	83	63
Solgte boliger	Ejerlejlighed	Rødovre	61	70	38	52	59	53	70	55	55	46	32	31	27	43	42	25	25	28	16	21	14	24	24	22	14	21	20	24	18	21	22	13	22	29	30	23	22	27	23	22	30	44	33	48	47	61	62	42
Solgte boliger	Ejerlejlighed	Vallensbæk	22	19	11	11	19	23	14	24	16	16	20	11	21	14	13	15	17	18	12	9	13	23	18	12	18	9	9	14	14	16	16	8	13	9	18	18	12	10	11	16	14	22	22	17	23	23	26	22
Solgte boliger	Ejerlejlighed	Landsdel Nordsjælland	296	310	232	312	345	360	351	303	348	282	213	198	243	254	242	227	238	262	143	125	134	180	194	169	198	193	168	206	181	168	154	149	165	202	202	186	157	200	218	194	228	220	264	236	311	337	304	301
Solgte boliger	Ejerlejlighed	Allerød	6	10	8	4	5	3	4	8	17	5	3	1	2	6	5	12	7	8	4	2	1	2	9	2	5	10	4	5	7	3	4	4	4	6	2	5	6	3	6	4	7	2	6	6	2	12	11	12
Solgte boliger	Ejerlejlighed	Egedal	12	13	13	9	4	11	14	14	15	7	9	9	9	14	12	10	7	17	11	5	10	13	10	9	6	8	10	13	7	7	8	5	6	8	12	10	9	10	14	9	12	14	7	13	18	15	13	17
Solgte boliger	Ejerlejlighed	Fredensborg	33	37	33	34	45	36	46	37	42	28	24	17	31	32	22	26	22	35	9	12	15	22	20	14	12	23	12	15	19	25	13	14	16	18	17	18	9	20	22	11	19	15	25	24	24	30	30	33
Solgte boliger	Ejerlejlighed	Frederikssund	13	18	7	16	12	12	20	11	23	12	13	5	14	16	13	7	11	8	3	8	9	6	5	6	9	12	5	6	6	4	9	5	7	4	12	8	3	7	8	11	10	4	9	8	18	16	19	14
Solgte boliger	Ejerlejlighed	Furesø	22	16	18	21	11	25	24	16	14	16	18	14	18	17	23	18	16	18	15	11	11	18	16	15	13	17	18	22	15	21	17	8	15	15	23	21	14	17	18	19	28	24	35	17	22	35	30	32
Solgte boliger	Ejerlejlighed	Gribskov	15	15	7	10	17	16	19	14	11	8	11	11	3	6	9	6	13	9	8	8	4	13	3	0	6	6	6	7	8	8	8	8	3	7	5	6	4	6	9	7	7	3	10	5	12	12	12	8
Solgte boliger	Ejerlejlighed	Halsnæs	5	3	3	9	8	12	4	10	17	14	12	7	12	8	13	5	8	12	4	4	6	7	6	6	4	2	7	5	4	2	1	5	2	7	2	2	4	3	8	5	2	2	6	2	5	13	8	6
Solgte boliger	Ejerlejlighed	Helsingør	76	81	52	94	70	84	75	74	87	68	54	56	56	62	55	52	62	49	35	32	39	28	59	37	45	34	37	40	26	29	27	30	29	32	36	31	29	32	30	38	42	47	39	42	51	70	63	55
Solgte boliger	Ejerlejlighed	Hillerød	38	40	16	35	43	55	50	32	34	36	19	25	35	32	31	29	30	37	18	16	10	23	22	22	37	26	21	26	16	19	25	24	28	23	30	28	23	21	16	22	30	31	37	33	33	30	29	37
Solgte boliger	Ejerlejlighed	Hørsholm	18	17	25	16	51	22	25	22	26	30	14	16	21	18	18	15	9	22	10	4	9	12	13	13	11	15	10	15	12	12	10	13	10	20	16	16	12	21	26	17	18	23	19	21	22	26	30	16
Solgte boliger	Ejerlejlighed	Rudersdal	58	60	50	64	79	84	70	65	62	58	36	37	42	43	41	47	53	47	26	23	20	36	31	45	50	40	38	52	61	38	32	33	45	62	47	41	44	60	61	51	53	55	71	65	104	78	59	69
Solgte boliger	Ejerlejlighed	Landsdel Bornholm	5	9	5	6	5	19	15	9	7	17	12	11	13	10	17	9	7	10	8	4	4	8	7	9	8	24	12	7	7	11	27	11	6	14	11	8	7	12	13	9	8	18	14	10	11	12	11	8
Solgte boliger	Ejerlejlighed	Bornholm	5	9	5	6	5	19	15	9	7	17	12	11	13	10	17	9	7	10	8	4	4	8	7	9	8	24	12	7	7	11	27	11	6	14	11	8	7	12	13	9	8	18	14	10	11	12	11	8
Solgte boliger	Ejerlejlighed	Region Sjælland	313	275	190	268	344	332	340	337	354	306	262	206	289	292	271	260	285	211	189	132	136	136	171	190	179	205	185	172	163	132	158	143	152	168	154	168	148	143	162	171	165	178	195	185	229	232	237	214
Solgte boliger	Ejerlejlighed	Landsdel Østsjælland	129	105	83	111	163	143	152	136	149	106	72	60	93	108	91	98	105	97	73	54	69	59	79	89	87	93	90	82	84	59	82	68	69	73	67	83	69	70	89	79	90	101	91	102	106	120	118	110
Solgte boliger	Ejerlejlighed	Greve	25	21	11	17	32	23	9	19	25	16	13	11	12	15	14	10	9	13	6	6	4	7	16	9	11	6	14	8	10	10	9	9	6	7	7	9	6	12	9	7	9	11	12	10	11	12	16	12
Solgte boliger	Ejerlejlighed	Køge	12	23	12	24	28	30	29	25	44	20	14	13	19	21	23	29	23	32	14	19	15	14	19	13	10	12	14	18	17	8	18	9	10	8	12	14	11	9	14	14	20	23	14	24	21	23	21	26
Solgte boliger	Ejerlejlighed	Lejre	0	0	2	3	3	3	0	..	0	1	1	0	1	0	2	0	2	0	1	0	0	0	0	2	1	0	1	1	0	1	0	1	1	2	0	1	3	1	3	0	0	1	2	1	0	1	0	2
Solgte boliger	Ejerlejlighed	Roskilde	79	53	50	57	84	78	99	72	70	63	41	34	56	63	45	54	69	44	44	25	42	35	37	54	53	66	55	48	47	33	44	45	43	47	42	50	47	38	49	54	52	55	58	58	65	67	72	67
Solgte boliger	Ejerlejlighed	Solrød	13	8	8	10	16	9	15	19	10	6	3	2	5	9	7	5	2	8	8	4	8	3	7	11	12	9	6	7	10	7	11	4	9	9	6	9	2	10	14	4	9	11	5	9	9	17	9	3
Solgte boliger	Ejerlejlighed	Landsdel Vest- og Sydsjælland	184	170	107	157	181	189	188	201	205	200	190	146	196	184	180	162	180	114	116	78	67	77	92	101	92	112	95	90	79	73	76	75	83	95	87	85	79	73	73	92	75	77	104	83	123	112	119	104
Solgte boliger	Ejerlejlighed	Faxe	7	4	2	4	1	5	3	2	2	4	3	2	7	14	4	6	7	6	2	3	0	2	0	3	4	3	1	2	4	2	3	0	3	3	2	1	2	2	2	2	0	1	1	2	2	2	1	2
Solgte boliger	Ejerlejlighed	Guldborgsund	16	8	9	9	11	13	14	10	17	11	17	6	12	13	15	13	8	7	8	5	3	11	9	9	7	6	4	12	2	6	7	7	8	19	13	8	4	4	8	4	7	6	5	7	10	9	7	2
Solgte boliger	Ejerlejlighed	Holbæk	10	6	5	12	9	11	12	13	9	13	10	19	20	17	19	19	14	13	11	9	4	8	5	8	6	11	8	9	4	12	8	6	8	15	8	9	10	5	9	13	7	10	8	11	16	18	10	10
Solgte boliger	Ejerlejlighed	Kalundborg	15	15	6	4	6	8	7	4	19	15	10	9	10	4	2	12	10	4	6	3	4	8	5	2	2	4	5	3	3	3	2	6	2	4	4	2	3	3	2	3	2	6	1	2	2	2	6	6
Solgte boliger	Ejerlejlighed	Lolland	3	2	1	1	0	4	4	5	1	0	3	2	1	0	4	8	1	2	3	4	3	1	0	3	2	6	3	0	2	1	2	0	1	4	0	5	3	3	3	2	3	2	0	1	2	2	1	3
Solgte boliger	Ejerlejlighed	Næstved	63	53	31	47	61	63	60	70	65	61	57	48	56	54	44	40	51	35	29	14	23	20	34	31	25	31	34	22	25	15	24	16	23	18	19	20	19	18	17	30	19	14	31	26	34	34	37	34
Solgte boliger	Ejerlejlighed	Odsherred	5	4	5	6	3	5	13	12	11	6	13	8	1	8	16	6	7	2	6	3	5	1	4	5	5	6	1	3	2	2	3	3	1	6	4	3	3	4	1	0	3	2	5	2	7	5	4	5
Solgte boliger	Ejerlejlighed	Ringsted	16	18	9	16	20	19	17	9	14	10	19	12	22	15	15	14	14	11	11	6	6	6	3	9	11	12	10	9	8	9	6	7	5	5	4	13	7	7	5	8	8	13	16	7	10	13	10	8
Solgte boliger	Ejerlejlighed	Slagelse	34	38	20	32	39	40	37	46	42	45	35	22	41	39	33	23	41	18	21	18	15	11	18	19	19	20	16	14	17	16	13	21	17	8	17	10	18	15	15	17	15	12	26	13	24	19	27	16
Solgte boliger	Ejerlejlighed	Sorø	3	8	3	3	9	5	7	7	2	5	4	4	6	2	3	2	9	4	2	3	1	1	3	4	6	5	4	3	1	1	1	5	7	4	4	4	2	5	1	3	4	1	3	5	7	3	4	3
Solgte boliger	Ejerlejlighed	Stevns	2	3	4	9	7	3	4	3	3	7	3	2	7	5	6	2	2	4	3	2	0	2	5	1	3	2	0	6	1	1	2	0	2	3	2	4	4	4	3	3	0	0	4	2	4	1	1	1
Solgte boliger	Ejerlejlighed	Vordingborg	10	11	12	14	15	13	10	20	20	23	16	12	13	13	19	17	16	8	14	8	3	6	6	7	2	6	9	7	10	5	5	4	6	6	10	6	4	3	7	7	7	10	4	5	5	4	11	15
Solgte boliger	Ejerlejlighed	Region Syddanmark	280	257	197	279	325	343	367	280	310	375	302	236	301	348	267	308	278	278	222	144	188	242	241	240	246	244	254	230	181	212	186	184	191	221	221	197	196	214	258	191	178	211	249	240	311	280	270	263
Solgte boliger	Ejerlejlighed	Landsdel Fyn	129	126	85	121	148	158	171	123	133	166	124	110	124	141	133	140	124	120	97	64	71	111	116	96	109	109	115	112	73	96	86	81	80	84	116	89	84	102	114	82	84	100	125	123	143	149	131	115
Solgte boliger	Ejerlejlighed	Assens	1	3	0	3	1	1	3	4	2	9	3	2	3	2	3	6	3	3	2	2	2	1	0	1	1	3	3	2	4	0	0	3	2	1	1	1	2	1	1	1	1	2	4	1	3	1	1	0
Solgte boliger	Ejerlejlighed	Faaborg-Midtfyn	10	4	6	2	9	9	9	3	7	4	8	4	2	4	2	4	7	4	6	3	2	4	3	7	7	7	9	3	2	3	7	5	2	5	3	3	2	2	3	4	5	3	3	5	4	4	5	6
Solgte boliger	Ejerlejlighed	Kerteminde	1	1	0	2	2	1	1	1	2	2	1	2	1	0	1	2	1	0	0	0	0	3	0	0	1	1	0	1	0	1	0	0	0	1	3	2	2	2	1	0	0	0	0	1	0	2	1	0
Solgte boliger	Ejerlejlighed	Langeland	1	4	0	2	3	6	5	4	..	4	1	0	1	2	2	6	1	1	7	1	4	14	3	3	2	1	4	0	2	3	1	1	1	1	2	3	1	1	2	0	0	4	1	1	0	4	1	1
Solgte boliger	Ejerlejlighed	Middelfart	3	3	0	0	1	3	5	3	11	9	1	0	5	10	0	4	7	7	4	4	1	2	1	5	3	4	3	2	2	5	3	3	3	6	3	6	0	5	1	2	3	3	7	6	4	12	7	10
Solgte boliger	Ejerlejlighed	Nordfyns	1	3	0	3	1	4	1	2	..	..	2	2	1	0	3	2	1	2	2	0	2	5	6	4	5	4	2	2	2	3	1	5	1	5	1	4	0	5	2	3	2	2	2	1	3	6	2	1
Solgte boliger	Ejerlejlighed	Nyborg	11	5	1	4	6	9	5	9	7	9	11	9	14	6	10	1	6	8	5	1	4	5	4	10	2	5	6	8	5	3	5	5	1	2	5	4	4	7	7	2	4	4	4	8	7	8	5	3
Solgte boliger	Ejerlejlighed	Odense	91	94	73	99	113	111	130	86	94	121	89	81	88	97	93	102	89	86	69	51	49	68	90	60	81	80	83	85	53	74	59	55	65	55	94	59	65	73	89	67	67	80	99	92	117	105	100	91
Solgte boliger	Ejerlejlighed	Svendborg	10	9	5	6	12	14	12	11	7	8	8	10	9	20	19	13	9	9	2	2	7	9	9	5	7	4	4	9	3	4	9	4	5	8	4	7	8	6	8	2	2	2	5	8	5	6	9	4
Solgte boliger	Ejerlejlighed	Ærø	..	..	..	..	..	..	..	..	0	..	0	0	0	0	0	0	0	0	0	0	0	0	0	1	0	0	1	..	0	0	1	0	0	0	0	0	0	0	0	1	..	..	..	..	..	..	..	..
Solgte boliger	Ejerlejlighed	Landsdel Sydjylland	151	131	112	158	177	185	196	157	177	209	178	126	177	207	134	168	154	158	125	80	117	131	125	144	137	135	139	118	108	116	100	103	111	137	105	108	112	112	144	109	94	111	124	117	168	131	139	149
Solgte boliger	Ejerlejlighed	Billund	1	3	0	1	1	1	2	1	1	1	3	1	0	1	0	1	4	2	1	4	1	1	2	5	1	1	1	2	0	1	0	2	2	2	0	1	1	0	2	3	1	0	0	1	2	0	4	1
Solgte boliger	Fritidshus	Hele landet	1824	2380	1261	1364	1559	2638	1981	1418	1584	2086	1633	993	1018	1810	1584	971	873	1399	1015	552	523	1258	1211	1007	767	1330	1313	938	745	995	1088	684	777	1344	1237	898	747	1348	1365	888	780	1486	1496	951	1091	1833	1687	1079
Solgte boliger	Fritidshus	Region Hovedstaden	316	471	268	276	299	534	471	273	343	383	312	177	195	338	297	161	144	248	197	101	111	292	251	209	184	259	259	195	163	204	235	126	156	261	267	194	170	290	315	196	201	332	340	210	254	438	403	253
Solgte boliger	Fritidshus	Landsdel København by	0	0	0	1	0	1	1	1	2	0	0	1	0	1	1	1	2	0	3	2	0	1	1	0	4	1	2	0	1	0	4	2	2	1	2	2	1	1	2	2	1	0	0	0	0	1	0	1
Solgte boliger	Fritidshus	København	0	0	0	0	0	0	0	0	0	..	..	0	0	0	0	0	1	0	0	0	0	0	0	..	..	0	1	0	0	0	0	0	0	0	0	0	0	0	0	0	0	0	0	0	0	0	0	..
Solgte boliger	Fritidshus	Frederiksberg	..	..	..	..	..	..	..	..	..	..	..	..	..	..	..	..	..	..	..	..	..	..	..	..	..	..	..	..	..	..	..	..	..	..	..	..	..	..	..	0	0	0	0	..	..	..	..	..
Solgte boliger	Fritidshus	Dragør	0	0	0	..	..	0	0	1	1	0	0	1	0	0	0	0	0	0	0	0	0	0	0	0	1	0	1	0	1	0	3	2	2	1	0	2	0	0	1	2	1	0	0	0	0	1	0	1
Solgte boliger	Fritidshus	Tårnby	0	0	0	1	0	1	1	0	1	0	0	0	0	1	1	1	1	0	3	2	0	1	1	0	2	1	0	0	0	0	1	0	0	0	2	0	1	1	1	0	0	0	0	0	0	0	0	0
Solgte boliger	Fritidshus	Landsdel Københavns omegn	2	0	1	1	2	4	2	1	1	2	1	1	0	1	5	4	1	2	1	0	3	2	3	1	2	1	4	0	0	2	3	1	0	3	2	2	4	4	4	1	1	3	4	1	3	7	6	1
Solgte boliger	Fritidshus	Albertslund	..	..	..	..	..	..	..	..	..	..	..	..	..	..	..	..	..	..	..	..	..	..	..	..	..	..	..	..	..	..	..	..	..	..	..	..	..	..	..	..	..	..	..	..	..	..	..	..
Solgte boliger	Fritidshus	Ballerup	0	0	0	0	1	0	0	0	0	0	1	0	0	1	0	3	0	0	0	0	0	0	0	0	0	1	1	0	0	0	0	0	0	0	0	0	2	1	0	0	0	0	0	0	1	1	0	0
Solgte boliger	Fritidshus	Brøndby	0	0	..	..	..	..	..	..	..	..	..	..	..	..	..	..	..	..	..	..	..	..	..	..	..	..	..	..	..	..	..	..	..	..	..	..	..	..	..	..	..	..	..	..	..	..	..	..
Solgte boliger	Fritidshus	Gentofte	..	..	..	..	..	..	..	..	..	..	..	..	..	..	..	..	..	..	..	..	..	..	..	..	..	..	..	..	..	..	..	..	..	..	..	..	..	..	..	..	..	..	..	..	..	..	..	..
Solgte boliger	Fritidshus	Gladsaxe	0	0	..	..	..	..	..	..	..	..	..	..	..	..	..	..	..	..	..	..	..	..	..	..	..	..	..	..	..	0	1	..	0	..	0	0	0	0	0	0	..	..	..	..	..	..	..	..
Solgte boliger	Fritidshus	Glostrup	..	..	0	..	..	0	0	0	0	0	0	0	0	..	..	..	..	..	..	..	..	..	..	..	..	..	..	..	..	..	0	0	0	0	0	0	0	0	0	0	0	0	0	0	0	..	..	..
Solgte boliger	Fritidshus	Herlev	..	..	0	0	0	..	0	0	..	..	..	0	0	0	..	0	1	..	..	0	0	..	0	0	0	0	0	..	..	..	0	0	..	0	0	1	0	1	..	..	0	0	0	1	0	0	0	0
Solgte boliger	Fritidshus	Hvidovre	0	0	0	0	1	2	1	..	..	..	..	1	0	0	4	0	0	2	1	0	1	0	1	0	0	0	2	0	0	1	1	0	0	2	0	0	2	2	3	1	0	1	1	0	2	2	4	1
Solgte boliger	Fritidshus	Høje-Taastrup	2	0	1	1	0	2	1	1	1	1	0	0	0	0	0	0	0	0	0	0	1	0	0	0	2	0	1	0	0	1	1	0	0	0	1	0	0	0	0	0	0	1	1	0	0	3	1	0
Solgte boliger	Fritidshus	Ishøj	0	0	0	0	0	0	0	..	..	..	..	..	..	..	..	..	..	..	..	..	..	..	..	0	0	0	0	..	..	..	..	..	..	..	1	0	0	0	..	..	..	..	1	..	..	..	..	..
Solgte boliger	Fritidshus	Lyngby-Taarbæk	..	..	..	..	..	..	..	..	..	..	..	..	..	..	..	..	..	..	..	..	..	..	..	..	..	..	..	..	..	0	0	0	0	0	0	1	0	0	0	0	0	1	0	..	..	..	..	..
Solgte boliger	Fritidshus	Rødovre	..	..	..	..	..	0	0	..	..	..	0	0	0	0	..	..	..	..	..	..	..	..	..	..	..	..	..	..	0	0	0	0	0	0	0	0	0	0	0	0	0	0	0	0	0	0	0	0
Solgte boliger	Fritidshus	Vallensbæk	..	..	..	..	..	0	0	..	..	..	..	..	..	..	..	..	..	..	..	..	..	..	..	..	..	..	..	..	..	0	0	1	0	0	0	0	0	0	..	..	..	..	..	..	..	..	..	..
Solgte boliger	Fritidshus	Landsdel Nordsjælland	289	440	250	254	275	499	425	247	303	345	281	150	167	296	265	141	135	227	181	93	100	264	232	187	165	238	231	177	154	195	212	114	146	242	252	179	159	270	299	176	180	317	315	190	230	405	376	234
Solgte boliger	Fritidshus	Allerød	0	0	1	..	0	1	0	0	2	0	1	0	0	1	2	0	0	0	1	..	..	..	..	0	0	1	1	..	..	..	0	0	0	0	0	0	0	0	0	0	1	0	1	0	0	1	..	..
Solgte boliger	Fritidshus	Egedal	5	7	2	0	1	7	3	4	0	1	2	3	0	0	2	1	2	1	4	0	3	1	3	3	2	2	3	1	4	3	2	1	3	3	2	1	1	2	4	2	2	3	2	2	2	4	6	8
Solgte boliger	Fritidshus	Fredensborg	..	..	..	..	..	..	..	..	0	0	1	0	0	0	0	..	..	1	0	2	0	0	0	1	0	0	0	1	1	0	1	0	1	0	0	0	0	0	1	0	1	0	0	2	1	0	1	0
Solgte boliger	Fritidshus	Frederikssund	57	104	75	59	57	90	102	59	66	71	78	19	37	63	59	34	21	43	50	18	10	44	42	25	32	52	29	34	26	27	38	22	22	42	39	29	26	47	55	35	24	50	58	29	32	67	78	41
Solgte boliger	Fritidshus	Furesø	1	2	3	..	1	1	0	0	1	0	0	..	0	1	1	0	0	2	0	0	0	2	0	1	2	0	1	0	0	1	1	0	3	1	1	1	1	1	0	2	1	1	3	..	3	0	0	1
Solgte boliger	Fritidshus	Gribskov	125	198	95	115	131	235	193	103	137	161	107	75	70	130	115	69	65	101	75	41	46	127	116	97	65	108	120	82	71	87	99	53	60	113	117	83	79	129	146	80	96	148	150	93	98	193	163	104
Solgte boliger	Fritidshus	Halsnæs	64	92	61	60	61	123	88	58	70	81	66	38	39	72	60	22	34	60	37	22	27	70	49	45	50	57	57	45	33	59	54	25	37	62	69	45	36	71	71	45	42	84	71	41	64	92	90	61
Solgte boliger	Fritidshus	Helsingør	31	30	11	16	22	38	31	21	23	26	25	13	16	25	23	11	9	16	11	8	12	18	19	13	12	16	16	11	16	15	16	10	18	20	21	20	14	15	17	9	11	24	27	20	23	39	32	17
Solgte boliger	Fritidshus	Hillerød	4	4	1	3	2	3	7	1	3	3	1	2	2	3	0	0	2	2	1	1	1	1	0	0	0	1	3	1	2	2	1	3	2	1	3	0	1	2	1	1	2	4	1	2	4	5	2	1
Solgte boliger	Fritidshus	Hørsholm	..	..	..	..	..	..	..	..	..	..	..	..	..	..	..	..	..	..	..	..	0	0	..	..	..	..	..	..	..	..	..	..	..	..	..	..	..	..	..	..	..	0	..	..	..	..	..	..
Solgte boliger	Fritidshus	Rudersdal	2	3	1	1	0	1	1	1	1	2	0	0	3	1	3	1	2	1	2	1	1	1	3	2	2	1	1	2	1	1	0	0	0	0	0	0	1	3	4	2	0	3	2	1	3	3	3	2
Solgte boliger	Fritidshus	Landsdel Bornholm	25	31	17	20	22	30	43	24	37	36	30	25	28	40	26	15	6	19	12	6	8	25	15	21	13	19	22	18	8	7	16	9	8	15	11	11	6	15	10	17	19	12	21	19	21	25	21	17
Solgte boliger	Fritidshus	Bornholm	25	31	17	20	22	30	43	24	37	36	30	25	28	40	26	15	6	19	12	6	8	25	15	21	13	19	22	18	8	7	16	9	8	15	11	11	6	15	10	17	19	12	21	19	21	25	21	17
Solgte boliger	Fritidshus	Region Sjælland	495	676	390	371	442	804	606	431	469	645	488	296	287	525	522	228	205	385	285	155	133	344	329	266	210	334	366	246	198	283	276	174	216	380	356	257	183	392	403	228	228	441	455	273	324	580	545	312
Solgte boliger	Fritidshus	Landsdel Østsjælland	27	43	28	30	29	56	37	26	35	32	29	29	21	30	35	18	18	21	24	11	9	22	20	18	22	23	19	14	13	23	17	10	13	27	25	22	7	21	26	14	13	25	20	15	27	27	16	19
Solgte boliger	Fritidshus	Greve	0	0	1	..	..	..	..	..	..	..	..	..	..	..	..	..	..	0	1	0	0	1	3	2	2	0	1	2	3	1	0	0	2	4	..	..	0	2	..	0	0	2	1	..	..	..	..	..
Solgte boliger	Fritidshus	Køge	1	3	0	3	2	3	2	2	0	0	2	2	0	1	1	2	3	2	1	2	2	2	1	1	0	2	1	0	0	1	2	1	1	0	1	1	0	0	2	0	0	1	0	0	1	2	1	1
Solgte boliger	Fritidshus	Lejre	21	34	23	20	25	46	28	21	31	30	23	24	19	24	26	9	13	17	17	7	4	12	12	10	15	16	11	7	6	19	14	6	8	19	18	17	2	17	16	11	11	18	15	13	19	19	12	13
Solgte boliger	Fritidshus	Roskilde	5	5	4	6	2	7	5	3	3	2	4	2	1	4	7	5	2	0	4	0	3	6	2	3	5	4	5	5	3	1	1	2	2	4	4	3	3	1	8	2	2	4	4	2	4	5	3	5
Solgte boliger	Fritidshus	Solrød	..	1	0	0	..	0	1	0	0	..	..	..	..	..	..	..	0	2	1	2	0	1	2	2	0	1	1	0	1	1	0	1	0	0	2	0	2	1	0	..	..	0	0	0	2	1	0	0
Solgte boliger	Fritidshus	Landsdel Vest- og Sydsjælland	468	633	362	341	413	748	569	405	434	613	459	267	266	495	487	210	187	364	261	144	124	322	309	248	188	311	347	232	185	260	259	164	203	353	331	235	176	371	377	214	215	416	435	258	297	553	529	293
Solgte boliger	Fritidshus	Faxe	0	14	4	5	8	17	11	9	13	5	5	1	2	8	4	3	3	9	3	3	1	3	4	4	2	2	4	3	2	2	7	1	2	2	6	1	1	7	5	4	2	5	3	2	0	5	8	8
Solgte boliger	Fritidshus	Guldborgsund	54	54	40	35	46	75	44	41	62	90	74	34	40	58	50	35	32	51	28	15	20	43	38	40	29	42	44	37	23	34	25	15	24	46	44	24	28	49	49	33	36	58	58	44	40	71	63	51
Solgte boliger	Fritidshus	Holbæk	23	47	21	21	11	37	29	26	17	43	30	17	17	25	32	13	9	16	20	12	7	15	21	6	13	19	25	21	10	14	13	11	12	21	18	18	11	17	24	14	12	22	9	11	13	36	24	16
Solgte boliger	Fritidshus	Kalundborg	72	83	56	51	58	90	71	52	65	89	55	40	38	74	54	26	25	51	38	19	12	40	37	33	21	38	47	37	22	35	38	11	27	41	43	32	17	53	33	26	16	49	54	22	24	57	68	30
Solgte boliger	Fritidshus	Lolland	24	28	14	20	36	49	43	37	40	56	36	17	29	30	37	17	18	19	21	13	4	26	19	19	13	15	23	9	13	19	17	17	8	30	17	15	14	25	26	13	22	27	24	20	27	32	42	23
Solgte boliger	Fritidshus	Næstved	9	19	7	7	15	19	14	12	7	12	11	8	4	22	19	7	4	5	9	3	7	9	11	9	6	8	13	5	4	6	7	7	5	13	12	6	6	13	12	3	9	12	10	5	8	10	18	7
Solgte boliger	Fritidshus	Odsherred	179	249	149	126	162	273	248	156	135	214	183	113	92	198	201	67	55	135	93	49	50	133	137	88	65	130	121	84	77	95	103	67	82	139	128	101	75	141	164	100	81	177	192	110	143	247	221	101
Solgte boliger	Fritidshus	Ringsted	2	0	1	1	0	0	0	0	0	0	1	1	0	0	0	1	..	0	0	0	0	0	0	0	0	1	0	..	0	0	1	2	1	1	2	1	0	0	2	0	0	1	1	0	0	0	1	0
Solgte boliger	Fritidshus	Slagelse	36	37	27	21	27	63	28	20	34	32	30	10	16	28	31	15	17	34	20	14	8	21	14	17	17	20	33	11	11	19	16	10	11	26	15	20	3	20	24	4	9	20	36	15	10	42	28	18
Solgte boliger	Fritidshus	Sorø	2	3	1	2	3	2	3	2	0	2	3	0	1	1	1	0	0	2	1	1	0	0	2	1	0	1	0	0	0	0	0	1	0	0	0	1	0	3	1	0	0	1	1	0	2	0	2	2
Solgte boliger	Fritidshus	Stevns	13	23	8	10	11	24	25	7	19	12	4	5	6	9	13	3	9	12	7	3	6	10	10	10	8	11	13	5	8	9	12	6	6	8	14	4	6	12	13	5	7	10	10	6	8	21	11	4
Solgte boliger	Fritidshus	Vordingborg	54	76	34	42	36	99	53	43	42	58	27	21	21	42	45	23	15	30	21	12	9	22	16	21	14	24	24	19	15	27	20	16	25	26	32	12	15	31	24	12	21	34	37	23	22	32	43	32
Solgte boliger	Fritidshus	Region Syddanmark	245	296	167	173	196	328	220	200	224	276	192	149	152	248	205	172	146	224	152	78	78	156	166	151	107	191	171	145	111	130	145	118	117	184	176	119	120	178	176	132	97	203	190	135	153	235	195	150
Solgte boliger	Fritidshus	Landsdel Fyn	64	97	43	53	54	91	67	63	41	68	54	27	35	58	65	36	30	63	56	24	26	56	50	46	27	52	50	44	24	29	49	36	28	49	57	34	38	51	54	40	24	70	69	50	31	79	58	42
Solgte boliger	Fritidshus	Assens	4	6	0	8	4	7	5	5	0	7	5	1	4	4	6	2	4	4	1	3	0	3	2	3	4	3	6	1	2	1	6	4	2	4	4	2	6	3	4	2	1	3	6	4	1	8	3	3
Solgte boliger	Fritidshus	Faaborg-Midtfyn	6	5	3	4	3	4	5	3	3	4	5	1	1	9	7	4	5	9	7	5	2	3	4	3	3	10	4	2	4	5	3	2	1	4	5	5	3	3	5	2	1	9	6	5	3	7	12	2
Solgte boliger	Fritidshus	Kerteminde	2	10	4	5	4	4	3	3	2	6	2	0	2	4	3	0	2	6	3	0	2	2	4	4	3	2	1	3	1	1	5	1	1	4	2	4	2	3	5	2	2	6	3	2	2	6	3	4
Solgte boliger	Fritidshus	Langeland	17	24	14	15	20	20	19	15	10	11	12	6	10	14	16	6	6	17	18	9	4	12	8	13	5	10	13	11	5	4	8	16	6	9	17	7	13	6	15	6	10	17	21	15	9	18	10	12
Solgte boliger	Fritidshus	Middelfart	4	12	4	8	3	12	13	9	5	6	8	5	2	6	5	4	3	10	9	2	3	8	2	5	2	6	3	5	5	6	6	3	10	9	9	4	5	4	3	9	1	9	14	5	4	12	7	0
Solgte boliger	Fritidshus	Nordfyns	25	25	12	10	9	29	13	20	18	25	14	9	10	18	15	13	7	12	10	4	5	19	17	12	6	10	10	15	6	6	10	5	6	12	14	8	8	18	15	11	7	15	11	11	7	21	16	15
Solgte boliger	Fritidshus	Nyborg	2	6	3	1	3	6	6	4	2	6	3	1	1	2	4	5	0	2	1	1	6	4	7	1	1	6	6	3	0	3	4	3	1	5	1	4	0	8	3	5	2	7	4	3	3	6	3	4
Solgte boliger	Fritidshus	Odense	..	1	0	..	..	..	..	..	..	0	0	0	1	0	0	0	0	0	0	0	0	0	0	0	0	0	0	0	0	0	0	0	0	0	1	0	0	0	0	0	0	0	0	..	0	0	0	..
Solgte boliger	Fritidshus	Svendborg	3	8	2	2	7	8	3	4	1	3	5	4	4	1	9	2	3	3	5	0	4	5	6	5	2	5	7	3	1	3	7	2	1	2	4	0	1	6	4	2	0	4	4	5	1	1	4	1
Solgte boliger	Fritidshus	Ærø	1	0	1	0	0	1	0	0	0	0	0	0	0	0	0	0	0	0	2	0	0	0	0	0	1	0	0	1	0	0	0	0	0	0	0	0	0	0	0	1	0	0	0	0	1	0	0	0
Solgte boliger	Fritidshus	Landsdel Sydjylland	181	199	124	120	142	237	153	137	183	208	138	122	117	190	140	136	116	161	96	54	52	100	116	105	80	139	121	101	87	101	96	82	89	135	119	85	82	127	122	92	73	133	121	85	122	156	137	108
Solgte boliger	Fritidshus	Billund	..	..	..	..	..	..	..	..	..	..	..	..	..	..	..	..	..	..	1	1	0	1	0	2	1	2	1	1	4	1	0	1	3	7	1	4	5	5	9	3	3	2	3	3	6	4	5	1
Boliger til salg, ultimo	Parcel-/rækkehus	Hele landet	20222	18993	18012	16680	16243	15418	14461	13694	14380	17693	19900	22066	25287	27498	29622	30659	34580	37645	39589	40283	40544	40834	38533	36815	38260	41735	40735	39854	41502	46845	46516	44287	43403	43546	41714	39299	41137	42785	42447	40165	40557	43167	41920	38720	38819	39548	38943	36825
Boliger til salg, ultimo	Parcel-/rækkehus	Region Hovedstaden	3408	3034	2703	2480	2342	2103	1887	2098	2430	3804	4892	5807	6863	7206	7528	7564	7981	8284	8334	8004	7357	6863	6015	5263	5529	6024	5927	5784	6338	7665	7632	6950	6830	6845	6405	5673	6128	6279	6121	5439	5676	6407	5989	5238	5228	5287	5346	5058
Boliger til salg, ultimo	Parcel-/rækkehus	Landsdel København by	435	357	334	312	293	263	241	287	364	547	694	808	950	883	938	935	953	977	1055	1030	945	839	657	584	615	658	634	608	727	969	972	885	837	833	734	656	660	637	630	543	575	657	623	549	540	556	628	612
Boliger til salg, ultimo	Parcel-/rækkehus	København	260	206	194	203	207	182	173	214	264	383	449	511	605	564	606	601	551	523	574	576	520	462	358	326	340	377	367	349	418	582	591	525	466	495	429	407	397	382	367	306	319	392	373	326	314	338	392	391
Boliger til salg, ultimo	Parcel-/rækkehus	Frederiksberg	28	12	33	21	15	20	24	18	16	35	43	46	47	42	47	45	52	52	57	55	53	46	34	30	22	23	22	22	33	47	40	40	41	49	47	46	39	35	38	36	40	32	37	30	33	34	35	23
Boliger til salg, ultimo	Parcel-/rækkehus	Dragør	38	34	27	24	18	11	12	24	33	31	56	77	92	104	112	109	144	189	192	202	183	162	146	127	124	140	138	135	148	169	168	163	166	144	128	100	107	109	109	100	123	119	102	82	88	91	86	88
Boliger til salg, ultimo	Parcel-/rækkehus	Tårnby	109	105	80	64	53	50	32	31	51	98	146	174	206	173	173	180	206	213	232	197	189	169	119	101	129	118	107	102	128	171	173	157	164	145	130	103	117	111	116	101	93	114	111	111	105	93	115	110
Boliger til salg, ultimo	Parcel-/rækkehus	Landsdel Københavns omegn	970	844	759	704	616	614	594	734	852	1428	1815	2106	2409	2482	2528	2479	2547	2582	2590	2464	2239	2046	1724	1465	1638	1754	1736	1714	1919	2337	2403	2198	2138	2149	1947	1673	1886	1908	1810	1629	1796	1998	1815	1585	1524	1487	1520	1460
Boliger til salg, ultimo	Parcel-/rækkehus	Albertslund	33	22	27	27	9	25	38	30	19	26	40	69	102	101	109	99	88	106	101	95	79	63	55	46	50	48	47	48	63	98	97	72	58	55	46	63	65	68	62	43	50	46	40	45	52	35	28	37
Boliger til salg, ultimo	Parcel-/rækkehus	Ballerup	60	52	48	49	52	35	47	37	73	96	121	139	185	191	212	210	217	205	209	196	172	167	166	134	134	141	133	150	154	192	186	168	152	168	162	149	161	160	143	141	162	159	151	121	139	142	132	126
Boliger til salg, ultimo	Parcel-/rækkehus	Brøndby	31	32	29	32	30	29	32	37	43	84	107	108	127	144	137	133	141	136	118	119	108	80	73	71	77	69	73	88	98	112	120	122	116	116	107	94	121	106	82	75	77	93	72	80	76	60	58	69
Boliger til salg, ultimo	Parcel-/rækkehus	Gentofte	165	162	180	144	145	156	141	163	152	256	323	365	410	464	481	438	458	473	470	451	417	400	330	265	292	354	366	342	369	455	430	378	384	405	367	288	321	342	326	311	319	372	366	325	300	343	373	313
Boliger til salg, ultimo	Parcel-/rækkehus	Gladsaxe	131	113	91	90	63	71	55	112	142	209	260	272	293	283	269	261	271	284	307	286	259	235	178	166	182	186	183	180	208	250	266	257	247	234	208	195	218	233	220	190	218	236	194	151	157	180	179	172
Boliger til salg, ultimo	Parcel-/rækkehus	Glostrup	43	24	20	23	15	17	22	23	23	49	61	78	93	73	87	98	117	117	121	100	92	77	58	39	44	52	60	59	86	95	92	79	89	109	106	79	65	60	60	65	59	83	86	70	61	51	41	40
Boliger til salg, ultimo	Parcel-/rækkehus	Herlev	42	48	37	33	30	23	18	28	36	63	79	114	117	118	124	120	121	116	116	115	102	87	74	59	65	63	69	67	73	105	114	105	111	104	95	77	92	104	93	79	101	119	92	77	81	63	68	76
Boliger til salg, ultimo	Parcel-/rækkehus	Hvidovre	104	67	57	53	65	67	49	57	61	115	150	187	228	214	219	224	237	237	261	267	264	232	204	174	195	210	202	177	196	236	250	231	234	222	199	155	182	176	180	171	184	185	161	146	111	111	117	113
Boliger til salg, ultimo	Parcel-/rækkehus	Høje-Taastrup	122	131	99	82	68	59	55	92	122	190	207	238	262	273	261	292	301	298	266	247	223	216	186	177	184	206	217	217	238	270	259	236	219	199	180	178	187	181	188	173	207	231	231	206	222	187	180	139
Boliger til salg, ultimo	Parcel-/rækkehus	Ishøj	51	39	38	27	24	22	19	21	19	41	53	87	99	107	109	116	128	119	118	115	100	92	75	74	86	95	92	75	78	87	92	91	104	95	80	64	71	82	81	66	72	80	75	61	42	31	34	35
Boliger til salg, ultimo	Parcel-/rækkehus	Lyngby-Taarbæk	100	86	73	81	53	54	79	72	79	151	182	209	231	255	260	251	240	270	265	252	222	228	183	140	183	188	140	150	187	224	248	233	210	226	205	159	222	220	197	158	163	225	196	168	140	162	156	169
Boliger til salg, ultimo	Parcel-/rækkehus	Rødovre	65	45	42	48	46	37	22	46	52	103	156	149	148	146	140	122	122	128	128	119	112	110	89	80	92	81	97	104	108	146	170	146	121	124	122	112	122	110	110	90	112	98	94	78	98	83	105	112
Boliger til salg, ultimo	Parcel-/rækkehus	Vallensbæk	23	23	18	15	16	19	17	16	31	45	76	91	114	113	120	115	106	93	110	102	89	59	53	40	54	61	57	57	61	67	79	80	93	92	70	60	59	66	68	67	72	71	57	57	45	39	49	59
Boliger til salg, ultimo	Parcel-/rækkehus	Landsdel Nordsjælland	1667	1509	1326	1189	1139	923	822	864	1030	1629	2176	2646	3226	3571	3749	3818	4077	4269	4201	3987	3605	3391	3036	2638	2695	2978	2972	2897	3094	3655	3540	3180	3163	3149	2973	2711	2965	3099	3076	2709	2776	3165	2994	2625	2683	2753	2701	2531
Boliger til salg, ultimo	Parcel-/rækkehus	Allerød	92	73	69	59	78	43	41	53	59	77	123	158	211	240	245	250	263	225	216	202	180	151	131	108	91	107	127	135	147	170	171	159	163	149	127	120	125	138	126	121	108	151	131	122	117	117	95	120
Boliger til salg, ultimo	Parcel-/rækkehus	Egedal	155	125	88	72	54	58	63	79	111	205	270	339	401	398	407	406	417	432	426	400	385	342	307	252	261	280	314	289	314	337	344	317	308	312	289	243	256	271	296	268	261	254	233	213	224	228	225	214
Boliger til salg, ultimo	Parcel-/rækkehus	Fredensborg	135	111	99	81	65	65	66	78	109	144	179	219	262	268	318	329	338	354	362	318	289	299	253	220	222	231	228	235	238	326	329	273	266	264	251	228	259	273	268	215	223	235	229	212	197	207	202	193
Boliger til salg, ultimo	Parcel-/rækkehus	Frederikssund	203	216	180	153	158	117	88	72	115	183	255	336	446	455	450	475	495	505	480	486	452	428	399	382	369	386	353	341	327	369	364	345	342	340	302	298	341	344	344	340	351	364	334	299	311	291	282	291
Boliger til salg, ultimo	Parcel-/rækkehus	Furesø	93	78	67	73	54	43	46	36	55	84	117	153	189	240	259	256	305	350	338	328	295	264	243	203	202	207	199	201	201	231	220	222	237	207	215	205	209	205	161	163	160	184	162	141	151	155	162	147
Boliger til salg, ultimo	Parcel-/rækkehus	Gribskov	190	194	178	158	163	112	114	108	107	168	238	274	326	380	399	414	467	502	497	461	394	379	384	357	363	396	399	375	386	456	444	383	381	393	360	324	358	346	353	295	323	372	356	301	337	330	308	276
Boliger til salg, ultimo	Parcel-/rækkehus	Halsnæs	121	128	121	100	126	105	69	95	88	140	209	214	244	289	313	327	326	345	342	299	259	241	204	182	199	213	208	210	201	236	226	192	192	181	187	176	187	219	218	192	217	237	221	186	178	168	155	136
Boliger til salg, ultimo	Parcel-/rækkehus	Helsingør	229	174	146	131	123	123	104	122	121	173	222	276	345	365	409	404	436	478	482	473	443	426	383	315	340	375	352	338	377	429	411	364	355	368	340	304	362	387	420	351	356	409	390	333	331	367	379	326
Boliger til salg, ultimo	Parcel-/rækkehus	Hillerød	116	126	119	118	105	98	80	68	96	146	171	225	262	292	312	306	386	407	378	365	310	280	229	182	193	245	239	247	295	329	318	294	284	270	282	262	262	256	233	213	218	263	272	251	245	230	233	232
Boliger til salg, ultimo	Parcel-/rækkehus	Hørsholm	112	85	71	72	64	66	54	52	75	110	130	144	189	217	207	221	222	230	213	210	185	188	158	145	143	169	174	165	202	273	245	205	188	191	181	179	216	225	227	165	178	215	200	184	190	199	201	189
Boliger til salg, ultimo	Parcel-/rækkehus	Rudersdal	221	199	188	172	149	93	97	101	94	199	262	308	351	427	430	430	422	441	467	445	413	393	345	292	312	369	379	361	406	499	468	426	447	474	439	372	390	435	430	386	381	481	466	383	402	461	459	407
Boliger til salg, ultimo	Parcel-/rækkehus	Landsdel Bornholm	336	324	284	275	294	303	230	213	184	200	207	247	278	270	313	332	404	456	488	523	568	587	598	576	581	634	585	565	598	704	717	687	692	714	751	633	617	635	605	558	529	587	557	479	481	491	497	455
Boliger til salg, ultimo	Parcel-/rækkehus	Bornholm	336	324	284	275	294	303	230	213	184	200	207	247	278	270	313	332	404	456	488	523	568	587	598	576	581	634	585	565	598	704	717	687	692	714	751	633	617	635	605	558	529	587	557	479	481	491	497	455
Boliger til salg, ultimo	Parcel-/rækkehus	Region Sjælland	3832	3552	3344	3172	3180	3001	2851	2834	2955	3713	4185	4700	5472	6147	6550	6945	8001	8678	8910	8864	8739	8638	8134	7806	8113	8754	8467	8255	8455	9250	9128	8626	8275	8243	7808	7357	7402	7740	7583	7155	7030	7489	7210	6713	6724	6796	6592	6275
Boliger til salg, ultimo	Parcel-/rækkehus	Landsdel Østsjælland	875	770	722	685	624	523	451	505	566	951	1208	1422	1567	1774	1851	1930	2085	2109	2135	2040	1934	1768	1550	1395	1441	1499	1473	1432	1546	1802	1823	1702	1611	1585	1469	1324	1327	1457	1450	1331	1369	1489	1388	1258	1294	1259	1222	1129
Boliger til salg, ultimo	Parcel-/rækkehus	Greve	206	174	158	142	141	119	108	125	170	268	297	342	402	429	414	432	453	471	463	437	404	375	325	295	292	303	285	265	305	370	366	353	321	296	286	250	250	248	253	246	276	296	290	269	304	237	209	198
Boliger til salg, ultimo	Parcel-/rækkehus	Køge	189	171	166	157	152	145	100	92	103	193	240	303	338	364	387	461	505	505	526	511	479	411	372	336	336	352	330	340	331	403	422	386	365	344	335	296	297	339	333	306	286	321	300	286	284	266	255	232
Boliger til salg, ultimo	Parcel-/rækkehus	Lejre	152	131	120	97	97	79	81	94	86	174	187	210	198	259	292	275	288	306	299	296	282	278	260	236	262	263	253	253	271	270	273	259	224	221	212	200	210	222	227	211	212	219	198	185	168	181	177	171
Boliger til salg, ultimo	Parcel-/rækkehus	Roskilde	220	213	184	196	160	124	102	126	144	220	326	403	441	517	545	553	607	568	586	547	530	489	412	373	377	383	410	382	438	522	523	476	486	509	443	408	389	454	434	389	418	454	436	371	381	405	391	337
Boliger til salg, ultimo	Parcel-/rækkehus	Solrød	108	81	94	93	74	56	60	68	63	96	158	164	188	205	213	209	232	259	261	249	239	215	181	155	174	198	195	192	201	237	239	228	215	215	193	170	181	194	203	179	177	199	164	147	157	170	190	191
Boliger til salg, ultimo	Parcel-/rækkehus	Landsdel Vest- og Sydsjælland	2957	2782	2622	2487	2556	2478	2400	2329	2389	2762	2977	3278	3905	4373	4699	5015	5916	6569	6775	6824	6805	6870	6584	6411	6672	7255	6994	6823	6909	7448	7305	6924	6664	6658	6339	6033	6075	6283	6133	5824	5661	6000	5822	5455	5430	5537	5370	5146
Boliger til salg, ultimo	Parcel-/rækkehus	Faxe	250	220	205	169	194	175	166	141	122	146	164	189	208	260	324	358	429	488	511	503	497	458	435	413	415	441	400	394	399	422	404	386	351	341	294	293	314	327	293	286	266	276	276	247	253	245	241	220
Boliger til salg, ultimo	Parcel-/rækkehus	Guldborgsund	316	303	294	272	302	306	303	294	343	365	379	416	523	546	589	594	694	797	818	865	907	962	947	926	964	1069	1071	1031	1059	1121	1137	1107	1058	1016	984	942	940	955	929	903	853	873	841	800	799	794	801	767
Boliger til salg, ultimo	Parcel-/rækkehus	Holbæk	296	273	234	230	233	224	199	236	242	268	322	389	464	507	543	547	636	697	714	694	689	688	647	656	694	742	705	684	665	710	683	660	613	631	619	597	617	624	638	632	619	674	674	631	636	660	626	610
Boliger til salg, ultimo	Parcel-/rækkehus	Kalundborg	306	273	269	249	244	246	276	262	241	240	254	295	352	384	390	444	493	568	621	637	574	592	565	600	633	687	669	647	656	671	656	638	629	622	608	601	623	623	619	600	605	631	609	563	569	585	587	567
Boliger til salg, ultimo	Parcel-/rækkehus	Lolland	334	357	341	322	363	356	313	276	266	289	319	313	383	416	462	453	513	595	619	649	712	765	739	719	765	869	862	889	868	946	961	909	863	870	857	777	729	748	709	632	608	619	579	574	594	635	623	619
Boliger til salg, ultimo	Parcel-/rækkehus	Næstved	335	299	289	269	210	218	222	210	217	327	342	364	395	454	451	503	637	670	690	735	737	734	682	640	665	698	686	642	666	711	684	619	623	628	594	549	544	578	578	559	528	584	560	515	496	499	486	512
Boliger til salg, ultimo	Parcel-/rækkehus	Odsherred	173	188	155	140	165	166	177	163	132	161	173	158	186	237	238	255	310	351	370	370	391	414	396	394	418	466	440	398	399	446	439	388	395	384	380	359	363	374	367	333	330	362	365	318	311	337	319	288
Boliger til salg, ultimo	Parcel-/rækkehus	Ringsted	103	73	69	90	108	72	51	47	135	136	134	165	205	267	256	272	342	343	354	351	319	309	302	295	294	298	296	295	290	319	311	301	294	297	283	266	259	271	251	229	235	246	245	234	227	230	218	198
Boliger til salg, ultimo	Parcel-/rækkehus	Slagelse	243	209	222	246	230	207	212	239	210	256	276	319	359	396	415	464	595	668	682	648	638	632	585	560	584	650	599	624	657	705	674	632	594	632	604	588	577	632	607	573	584	606	616	566	569	580	562	485
Boliger til salg, ultimo	Parcel-/rækkehus	Sorø	131	132	122	106	105	115	126	119	117	153	158	190	245	247	289	319	377	414	423	415	404	401	391	369	387	404	389	368	367	410	398	400	393	376	346	321	346	350	348	333	308	313	298	289	258	278	265	252
Boliger til salg, ultimo	Parcel-/rækkehus	Stevns	143	146	128	107	103	108	116	100	83	95	130	148	201	239	273	280	303	358	322	293	267	256	258	219	225	240	232	224	248	273	261	242	227	237	211	204	200	215	229	215	198	217	202	197	193	183	169	175
Boliger til salg, ultimo	Parcel-/rækkehus	Vordingborg	327	309	294	287	299	285	239	242	281	326	326	332	384	420	469	526	587	620	651	664	670	659	637	620	628	691	645	627	635	714	697	642	624	624	559	536	563	586	565	529	527	599	557	521	525	511	473	453
Boliger til salg, ultimo	Parcel-/rækkehus	Region Syddanmark	5251	5025	4826	4415	4192	4086	3756	3371	3410	3769	3875	4051	4507	4798	5400	5817	6761	7777	8624	9148	9695	10064	9584	9277	9751	10585	10416	10367	10710	12029	11966	11601	11381	11313	10909	10492	10968	11504	11527	11123	11306	11924	11690	11006	10997	11286	11078	10509
Boliger til salg, ultimo	Parcel-/rækkehus	Landsdel Fyn	2178	2054	1970	1769	1622	1589	1404	1246	1321	1443	1497	1540	1715	1937	2231	2522	2977	3445	3882	4048	4182	4396	4139	4035	4167	4529	4519	4497	4662	5224	5126	4986	4918	4909	4698	4499	4748	4966	4994	4737	4778	5053	4862	4555	4617	4778	4648	4383
Boliger til salg, ultimo	Parcel-/rækkehus	Assens	255	265	267	245	247	260	206	165	172	160	153	148	143	189	217	245	313	393	428	449	480	502	484	484	494	545	546	586	598	648	620	592	577	591	604	597	619	660	660	615	627	674	651	633	652	680	679	648
Boliger til salg, ultimo	Parcel-/rækkehus	Faaborg-Midtfyn	306	294	298	271	250	257	233	203	204	184	177	173	197	230	288	329	396	452	525	575	574	605	579	563	595	660	688	690	711	734	714	691	705	717	697	655	691	738	719	716	710	718	684	659	681	696	695	659
Boliger til salg, ultimo	Parcel-/rækkehus	Kerteminde	151	128	115	95	98	86	63	59	67	82	69	56	79	104	115	118	161	161	167	181	191	206	212	197	194	216	194	197	216	241	218	206	215	211	202	194	214	211	227	201	217	230	224	208	209	221	198	178
Boliger til salg, ultimo	Parcel-/rækkehus	Langeland	123	134	127	113	97	96	89	86	66	77	68	62	69	93	123	144	156	209	250	254	254	291	260	239	245	296	281	266	254	319	325	329	310	318	296	278	262	287	303	267	250	272	257	232	245	243	232	193
Boliger til salg, ultimo	Parcel-/rækkehus	Middelfart	184	180	159	123	117	120	114	115	113	119	137	182	186	202	223	290	302	346	389	418	420	420	412	413	434	482	470	463	467	537	534	513	517	493	483	453	504	537	526	494	513	519	491	472	459	470	464	451
Boliger til salg, ultimo	Parcel-/rækkehus	Nordfyns	204	183	154	151	136	138	107	87	98	117	115	112	126	146	144	156	184	196	223	233	237	270	259	251	259	275	275	290	321	360	350	347	352	374	356	353	354	318	317	310	312	338	325	302	320	356	350	342
Boliger til salg, ultimo	Parcel-/rækkehus	Nyborg	140	137	134	121	113	119	106	78	92	108	108	102	103	124	132	147	186	227	252	236	250	270	243	240	260	284	296	284	291	351	335	324	315	315	309	275	279	293	300	272	266	308	310	283	295	305	286	261
Boliger til salg, ultimo	Parcel-/rækkehus	Odense	513	446	435	392	325	273	260	262	307	360	426	457	529	533	636	724	847	961	1082	1098	1145	1143	1048	1004	1008	995	980	970	1017	1145	1140	1148	1087	1037	969	942	1014	1036	1051	1009	991	1052	1009	915	890	916	906	853
Boliger til salg, ultimo	Parcel-/rækkehus	Svendborg	277	259	259	241	222	225	210	179	191	216	220	214	232	252	275	299	342	404	467	504	518	564	537	543	560	642	656	617	659	729	729	677	675	696	664	649	688	752	750	714	753	799	771	713	715	741	693	665
Boliger til salg, ultimo	Parcel-/rækkehus	Ærø	25	28	22	17	17	15	16	12	11	20	24	34	51	64	78	70	90	96	99	100	113	125	105	101	118	134	133	134	128	160	161	159	165	157	118	103	123	134	141	139	139	143	140	138	151	150	145	133
Boliger til salg, ultimo	Parcel-/rækkehus	Landsdel Sydjylland	3073	2971	2856	2646	2570	2497	2352	2125	2089	2326	2378	2511	2792	2861	3169	3295	3784	4332	4742	5100	5513	5668	5445	5242	5584	6056	5897	5870	6048	6805	6840	6615	6463	6404	6211	5993	6220	6538	6533	6386	6528	6871	6828	6451	6380	6508	6430	6126
Boliger til salg, ultimo	Parcel-/rækkehus	Billund	130	148	146	152	134	139	122	105	81	83	92	80	81	97	105	99	109	113	124	161	183	186	212	220	237	259	265	248	250	285	282	281	284	259	236	232	235	246	254	249	256	274	268	259	259	260	234	193
Boliger til salg, ultimo	Ejerlejlighed	Hele landet	5110	5370	5543	5533	5266	5236	5193	5672	6455	9376	11560	12137	13107	14130	14309	14037	13470	13796	13825	12394	10751	10068	9312	8596	8829	9826	9738	9173	9677	10964	10576	9324	8451	8046	7385	6723	7026	7399	7530	6893	6983	7571	7372	6206	5966	6558	7079	6527
Boliger til salg, ultimo	Ejerlejlighed	Region Hovedstaden	3226	3236	3193	2962	2832	2603	2784	3319	4080	6238	7799	7763	8416	8731	8433	8028	7328	7302	7250	6329	5210	4638	4108	3739	4065	4681	4894	4570	4992	5719	5492	4750	4111	3751	3225	2816	3080	3307	3537	3292	3499	3910	3770	3030	2920	3428	3784	3484
Boliger til salg, ultimo	Ejerlejlighed	Landsdel København by	1849	1880	1923	1690	1682	1501	1734	2212	2818	4178	5326	5066	5303	5346	5035	4604	4104	4138	4181	3638	2884	2538	2230	1997	2219	2613	2834	2608	2949	3503	3345	2777	2285	2122	1748	1450	1617	1824	2044	1916	2133	2498	2351	1858	1780	2256	2592	2312
Boliger til salg, ultimo	Ejerlejlighed	København	1522	1537	1572	1383	1412	1257	1430	1779	2307	3457	4500	4207	4428	4462	4192	3851	3423	3432	3390	2941	2308	2011	1818	1649	1858	2169	2368	2206	2492	2946	2786	2298	1861	1710	1387	1196	1301	1464	1684	1593	1812	2100	1970	1563	1499	1937	2244	1983
Boliger til salg, ultimo	Ejerlejlighed	Frederiksberg	273	298	315	275	243	225	287	396	471	651	755	773	778	796	735	651	594	613	685	607	502	452	351	290	303	376	406	358	403	490	484	410	364	351	294	215	268	321	318	281	272	347	315	250	241	274	312	303
Boliger til salg, ultimo	Ejerlejlighed	Dragør	14	3	1	4	8	2	0	1	3	5	4	5	11	6	8	12	16	24	25	24	18	21	22	20	18	19	14	11	14	14	14	14	14	14	11	10	11	7	8	6	7	5	3	5	6	4	6	3
Boliger til salg, ultimo	Ejerlejlighed	Tårnby	40	42	35	28	19	17	17	36	37	65	67	81	86	82	100	90	71	69	81	66	56	54	39	38	40	49	46	33	40	53	61	55	46	47	56	29	37	32	34	36	42	46	63	40	34	41	30	23
Boliger til salg, ultimo	Ejerlejlighed	Landsdel Københavns omegn	891	902	837	755	657	621	569	579	813	1352	1608	1687	1923	2025	2072	2066	1981	1941	1878	1621	1375	1263	1141	1014	1100	1266	1260	1187	1269	1374	1303	1182	1109	962	848	793	842	838	872	798	807	786	789	615	630	658	707	686
Boliger til salg, ultimo	Ejerlejlighed	Albertslund	20	15	12	10	6	4	5	5	10	16	15	18	20	30	22	26	41	31	23	21	17	14	19	15	18	16	14	12	21	16	16	12	12	9	6	10	10	10	9	7	6	14	16	16	10	12	9	5
Boliger til salg, ultimo	Ejerlejlighed	Ballerup	15	18	9	14	33	26	12	24	56	62	49	45	46	49	53	67	58	66	67	53	51	53	45	38	41	51	54	52	55	50	47	47	51	45	34	40	41	37	41	35	30	20	25	27	18	24	30	20
Boliger til salg, ultimo	Ejerlejlighed	Brøndby	6	4	9	7	3	4	6	5	7	10	15	7	35	35	38	43	45	42	56	56	17	16	12	8	5	14	10	8	8	10	13	13	11	6	4	5	9	9	10	8	8	6	5	4	7	4	2	5
Boliger til salg, ultimo	Ejerlejlighed	Gentofte	263	251	233	211	186	170	204	249	308	441	535	570	593	665	607	601	581	556	538	471	437	441	359	290	311	384	371	325	372	421	393	343	325	274	248	233	233	224	208	205	201	222	221	166	185	192	214	209
Boliger til salg, ultimo	Ejerlejlighed	Gladsaxe	129	125	98	87	85	82	74	67	90	170	207	233	277	279	292	281	258	280	265	199	160	144	129	127	149	174	180	175	179	197	222	201	189	163	133	126	123	145	148	129	154	136	124	100	102	119	120	103
Boliger til salg, ultimo	Ejerlejlighed	Glostrup	16	24	15	16	10	16	22	19	53	49	72	63	106	110	109	121	107	69	64	56	38	33	29	31	44	58	60	56	62	51	41	47	35	38	33	37	35	34	33	40	32	31	38	21	25	21	17	13
Boliger til salg, ultimo	Ejerlejlighed	Herlev	8	11	10	9	10	10	5	4	4	7	11	19	21	19	15	15	13	18	18	18	15	12	9	10	11	20	20	25	26	19	16	19	15	11	10	11	13	14	21	17	9	11	10	6	9	6	6	16
Boliger til salg, ultimo	Ejerlejlighed	Hvidovre	65	68	68	64	47	43	38	28	35	117	125	132	129	135	150	147	118	124	123	109	95	88	79	82	70	69	72	65	72	73	62	63	54	51	45	46	39	42	50	42	28	41	31	29	26	38	32	41
Boliger til salg, ultimo	Ejerlejlighed	Høje-Taastrup	132	149	137	127	91	103	59	37	77	143	177	170	172	190	222	216	202	235	218	194	167	128	130	109	129	141	142	130	135	157	142	128	128	96	82	74	107	100	129	125	129	114	110	92	97	70	56	49
Boliger til salg, ultimo	Ejerlejlighed	Ishøj	55	54	61	49	38	37	31	14	14	46	62	68	80	87	107	101	101	106	106	93	84	82	83	72	69	69	62	64	61	57	46	46	41	33	36	31	29	27	26	26	24	23	24	14	14	16	17	22
Boliger til salg, ultimo	Ejerlejlighed	Lyngby-Taarbæk	83	99	85	71	69	64	61	75	93	130	161	179	232	238	239	248	249	228	215	202	170	135	129	121	142	151	142	134	140	161	158	135	139	140	125	116	129	121	116	90	96	97	95	70	74	80	111	108
Boliger til salg, ultimo	Ejerlejlighed	Rødovre	86	73	86	73	59	50	43	42	46	131	146	134	156	117	133	115	130	111	99	76	66	64	70	61	73	89	90	93	95	105	87	75	66	54	53	45	50	49	53	56	62	46	60	46	43	65	81	85
Boliger til salg, ultimo	Ejerlejlighed	Vallensbæk	13	11	14	17	20	12	9	10	20	30	33	49	56	71	85	85	78	75	86	73	58	53	48	50	38	30	43	48	43	57	60	53	43	42	39	19	24	26	28	18	28	25	30	24	20	11	12	10
Boliger til salg, ultimo	Ejerlejlighed	Landsdel Nordsjælland	475	444	420	506	485	475	473	523	445	696	846	992	1183	1353	1318	1351	1234	1211	1179	1055	937	825	717	712	727	774	776	751	753	823	823	769	696	644	604	549	597	621	594	552	530	605	614	544	499	499	471	471
Boliger til salg, ultimo	Ejerlejlighed	Allerød	6	4	1	14	22	36	32	32	16	51	38	40	41	42	44	38	33	22	17	35	28	25	18	19	22	18	23	20	14	14	14	12	14	13	13	9	24	22	21	23	23	25	14	10	13	19	13	17
Boliger til salg, ultimo	Ejerlejlighed	Egedal	15	9	7	27	26	19	13	8	7	86	65	41	57	91	108	128	130	121	116	78	76	54	36	35	40	45	48	47	41	44	41	43	37	35	24	23	34	37	31	27	23	18	26	19	14	8	10	10
Boliger til salg, ultimo	Ejerlejlighed	Fredensborg	98	89	77	71	88	76	70	68	47	57	75	87	120	116	141	124	125	102	118	112	94	87	83	96	98	96	94	92	80	88	87	81	86	71	61	43	53	58	55	49	41	57	63	39	41	45	35	35
Boliger til salg, ultimo	Ejerlejlighed	Frederikssund	28	28	18	16	14	16	11	9	18	25	27	34	53	51	48	59	50	54	60	50	38	41	35	37	37	38	36	32	34	39	29	29	24	27	21	21	28	29	29	20	18	20	19	19	25	32	22	14
Boliger til salg, ultimo	Ejerlejlighed	Furesø	20	13	20	20	12	32	29	110	48	51	72	80	69	131	82	131	147	149	145	135	110	101	88	81	86	87	79	73	71	70	74	76	71	65	57	49	49	52	53	51	47	44	36	24	32	23	22	39
Boliger til salg, ultimo	Ejerlejlighed	Gribskov	28	24	20	23	28	22	18	23	14	20	29	64	78	77	89	78	70	74	59	54	45	39	18	23	21	21	21	22	25	20	23	17	19	22	23	15	20	24	20	18	20	30	34	31	23	19	18	13
Boliger til salg, ultimo	Ejerlejlighed	Halsnæs	6	7	8	25	32	23	22	45	39	52	37	34	38	45	51	72	59	39	41	34	26	24	18	15	23	23	21	17	13	15	16	15	15	9	12	16	17	16	13	14	18	22	18	18	18	12	15	11
Boliger til salg, ultimo	Ejerlejlighed	Helsingør	131	122	107	75	76	76	86	84	97	140	214	282	303	319	285	281	215	217	202	177	154	153	124	135	118	133	140	144	172	178	183	160	140	136	125	107	127	139	147	136	130	123	130	114	119	116	107	93
Boliger til salg, ultimo	Ejerlejlighed	Hillerød	39	41	52	83	67	67	70	48	34	45	73	96	144	169	174	147	148	150	163	140	127	80	75	68	71	74	68	71	83	91	75	63	59	52	51	44	55	51	56	62	66	100	69	55	51	68	65	73
Boliger til salg, ultimo	Ejerlejlighed	Hørsholm	26	26	22	28	22	36	29	33	48	60	70	67	80	83	73	63	68	88	68	60	59	59	54	54	63	70	63	51	56	65	98	96	85	77	81	75	54	56	50	39	32	38	50	55	37	32	33	37
Boliger til salg, ultimo	Ejerlejlighed	Rudersdal	78	81	88	124	98	72	93	63	77	109	146	167	200	229	223	230	189	195	190	180	180	162	168	149	148	169	183	182	164	199	183	177	146	137	136	147	136	137	119	113	112	128	155	160	126	125	131	129
Boliger til salg, ultimo	Ejerlejlighed	Landsdel Bornholm	11	10	13	11	8	6	8	5	4	12	19	18	7	7	8	7	9	12	12	15	14	12	20	16	19	28	24	24	21	19	21	22	21	23	25	24	24	24	27	26	29	21	16	13	11	15	14	15
Boliger til salg, ultimo	Ejerlejlighed	Bornholm	11	10	13	11	8	6	8	5	4	12	19	18	7	7	8	7	9	12	12	15	14	12	20	16	19	28	24	24	21	19	21	22	21	23	25	24	24	24	27	26	29	21	16	13	11	15	14	15
Boliger til salg, ultimo	Ejerlejlighed	Region Sjælland	398	449	456	475	492	532	496	535	523	653	804	985	1043	1188	1261	1342	1395	1427	1448	1257	1129	1111	1034	968	891	883	823	832	833	889	854	796	742	717	695	659	640	682	665	578	543	539	514	464	455	503	581	544
Boliger til salg, ultimo	Ejerlejlighed	Landsdel Østsjælland	165	180	184	194	176	141	96	147	158	218	322	347	383	469	487	473	501	485	529	459	372	371	327	316	305	303	275	260	264	293	286	249	243	223	221	205	207	227	213	180	162	156	149	129	135	183	232	220
Boliger til salg, ultimo	Ejerlejlighed	Greve	27	28	24	21	34	13	7	58	39	30	43	46	52	49	41	38	45	44	45	42	42	42	35	28	28	31	21	22	19	19	25	21	17	16	16	16	18	17	18	20	20	15	10	12	7	8	5	10
Boliger til salg, ultimo	Ejerlejlighed	Køge	33	29	56	73	58	39	36	45	26	46	91	74	75	102	112	109	121	124	148	103	79	79	74	77	82	86	91	69	72	75	71	73	70	66	61	58	53	57	54	44	33	34	37	32	38	81	111	93
Boliger til salg, ultimo	Ejerlejlighed	Lejre	8	6	6	7	3	0	0	..	1	28	28	29	29	30	5	2	3	9	12	11	8	9	9	8	6	6	10	6	6	6	7	6	7	6	7	6	10	11	11	8	6	5	4	3	4	4	4	3
Boliger til salg, ultimo	Ejerlejlighed	Roskilde	78	94	80	73	64	67	37	32	60	83	126	158	187	248	284	272	263	229	237	219	166	168	145	144	140	141	118	129	139	160	148	117	117	106	110	105	98	118	111	92	88	85	82	67	75	84	80	84
Boliger til salg, ultimo	Ejerlejlighed	Solrød	19	23	18	20	17	22	16	12	32	31	34	40	40	40	45	52	69	79	87	84	77	73	64	59	49	39	35	34	28	33	35	32	32	29	27	20	28	24	19	16	15	17	16	15	11	6	32	30
Boliger til salg, ultimo	Ejerlejlighed	Landsdel Vest- og Sydsjælland	233	269	272	281	316	391	400	388	365	435	482	638	660	719	774	869	894	942	919	798	757	740	707	652	586	580	548	572	569	596	568	547	499	494	474	454	433	455	452	398	381	383	365	335	320	320	349	324
Boliger til salg, ultimo	Ejerlejlighed	Faxe	5	5	5	4	3	1	2	2	8	3	12	44	41	41	44	44	39	31	17	21	14	15	12	15	10	8	7	10	13	10	11	10	10	8	9	8	4	3	2	2	9	10	10	7	11	10	8	9
Boliger til salg, ultimo	Ejerlejlighed	Guldborgsund	17	18	18	28	32	30	26	30	23	40	39	48	50	53	65	67	50	73	83	62	64	62	55	55	61	60	56	58	60	67	72	62	57	54	53	52	49	54	45	39	36	38	42	36	39	43	41	41
Boliger til salg, ultimo	Ejerlejlighed	Holbæk	25	31	22	21	45	69	23	16	18	42	48	101	108	91	103	158	169	149	148	137	143	124	110	98	52	51	46	68	69	73	69	68	65	62	63	60	59	59	51	46	55	56	51	54	50	44	43	42
Boliger til salg, ultimo	Ejerlejlighed	Kalundborg	16	9	6	7	11	68	54	58	42	36	28	21	17	39	43	43	46	43	39	39	44	32	33	32	34	27	21	21	23	23	19	22	23	26	25	17	21	21	26	19	18	11	10	15	16	15	16	14
Boliger til salg, ultimo	Ejerlejlighed	Lolland	1	1	8	8	9	10	12	9	10	11	10	11	10	12	16	14	16	17	16	14	13	12	13	9	9	9	10	11	11	16	17	19	17	13	14	14	17	17	15	16	12	11	14	10	10	10	10	11
Boliger til salg, ultimo	Ejerlejlighed	Næstved	31	40	55	55	55	54	40	41	58	66	67	74	89	119	133	176	158	170	161	144	135	145	132	112	120	117	115	127	124	129	117	107	90	85	72	63	65	79	74	61	57	70	53	57	50	65	89	86
Boliger til salg, ultimo	Ejerlejlighed	Odsherred	4	2	10	11	21	15	14	16	18	22	22	16	21	40	34	39	35	30	34	29	25	38	35	26	19	24	25	25	20	23	20	18	19	20	17	15	11	10	14	11	9	11	12	10	8	10	13	10
Boliger til salg, ultimo	Ejerlejlighed	Ringsted	14	14	20	18	19	21	11	17	7	77	88	94	96	105	69	57	66	75	60	49	44	47	53	52	54	53	49	44	50	47	48	48	46	44	42	29	29	23	33	31	37	33	29	25	21	16	24	19
Boliger til salg, ultimo	Ejerlejlighed	Slagelse	53	74	66	55	51	60	71	83	83	80	100	115	107	105	140	148	174	223	215	172	160	139	128	127	119	134	127	122	118	119	112	118	110	114	119	120	110	122	121	111	93	93	85	70	66	62	60	53
Boliger til salg, ultimo	Ejerlejlighed	Sorø	15	12	7	13	9	7	15	11	3	4	11	38	41	36	40	37	41	28	42	40	39	35	37	25	21	24	23	22	17	21	20	18	12	13	17	18	15	15	16	12	14	14	15	10	10	8	7	7
Boliger til salg, ultimo	Ejerlejlighed	Stevns	12	22	18	8	8	6	24	20	18	18	17	14	17	17	16	18	16	10	9	12	14	14	16	18	15	12	13	11	5	9	8	6	2	6	4	9	4	2	2	2	5	5	8	5	4	7	5	3
Boliger til salg, ultimo	Ejerlejlighed	Vordingborg	40	41	37	53	53	50	108	85	77	36	40	62	63	61	71	68	84	93	95	79	62	77	83	83	72	61	56	53	59	59	55	51	48	49	39	49	49	50	53	48	36	31	36	36	35	30	33	29
Boliger til salg, ultimo	Ejerlejlighed	Region Syddanmark	537	598	675	754	704	683	623	567	632	795	890	1008	1092	1244	1460	1577	1699	1776	1807	1672	1539	1513	1397	1267	1261	1356	1280	1256	1298	1423	1381	1256	1212	1213	1158	1117	1089	1129	1075	1009	979	993	937	803	770	811	832	809
Boliger til salg, ultimo	Ejerlejlighed	Landsdel Fyn	186	220	251	241	209	178	143	171	206	259	315	341	400	497	557	677	759	809	782	718	635	617	563	536	527	579	534	519	553	622	604	546	515	527	468	430	420	393	392	353	334	351	328	306	254	300	315	323
Boliger til salg, ultimo	Ejerlejlighed	Assens	2	1	1	2	5	3	7	6	8	9	18	20	17	15	18	19	19	19	11	10	9	8	10	5	9	9	9	10	9	8	9	9	9	9	10	10	8	9	9	8	7	8	6	5	5	22	22	5
Boliger til salg, ultimo	Ejerlejlighed	Faaborg-Midtfyn	9	6	10	12	13	6	4	4	4	11	17	18	18	13	18	23	24	28	36	35	34	35	36	34	35	37	27	27	32	36	32	29	20	20	19	21	22	23	22	20	14	13	11	11	12	13	11	7
Boliger til salg, ultimo	Ejerlejlighed	Kerteminde	3	4	5	5	6	6	4	3	2	2	3	4	5	6	5	4	49	48	9	8	4	7	8	7	6	2	1	5	8	6	5	5	4	5	3	4	0	1	1	2	1	3	4	3	3	4	3	3
Boliger til salg, ultimo	Ejerlejlighed	Langeland	2	3	8	7	6	7	5	0	..	1	1	26	0	28	30	36	26	28	34	38	19	18	21	20	22	22	21	26	24	24	23	24	23	23	19	15	18	23	22	21	25	21	21	23	23	22	21	18
Boliger til salg, ultimo	Ejerlejlighed	Middelfart	2	35	36	37	36	26	21	39	32	22	11	8	27	42	43	57	54	47	45	47	47	63	65	66	63	59	53	50	62	51	55	52	47	33	34	33	26	27	33	28	24	15	16	18	17	20	17	16
Boliger til salg, ultimo	Ejerlejlighed	Nordfyns	2	3	2	1	1	2	1	0	..	..	4	1	9	10	12	14	29	25	28	22	22	20	18	14	16	15	11	10	14	11	10	8	8	6	6	5	5	7	9	9	7	10	9	10	4	6	6	7
Boliger til salg, ultimo	Ejerlejlighed	Nyborg	22	21	23	21	18	14	19	25	29	35	29	22	18	22	21	57	56	55	53	19	22	33	36	43	44	47	44	37	41	46	47	46	49	51	57	49	46	39	33	31	31	34	33	29	23	21	20	22
Boliger til salg, ultimo	Ejerlejlighed	Odense	118	120	135	130	97	94	70	86	114	159	203	217	281	312	362	422	456	494	491	473	403	381	319	297	275	331	312	303	320	395	378	333	308	345	281	252	250	225	235	205	194	214	191	172	138	157	182	214
Boliger til salg, ultimo	Ejerlejlighed	Svendborg	26	27	31	26	27	20	12	8	17	20	26	22	22	45	44	41	42	64	74	65	74	51	50	49	56	56	56	51	42	43	43	38	45	33	37	38	42	38	27	29	31	33	37	35	29	35	33	31
Boliger til salg, ultimo	Ejerlejlighed	Ærø	..	..	..	..	..	..	..	..	0	..	3	3	3	4	4	4	4	1	1	1	1	1	0	1	1	1	0	..	1	2	2	2	2	2	2	3	3	1	1	0	..	..	..	..	..	..	..	..
Boliger til salg, ultimo	Ejerlejlighed	Landsdel Sydjylland	351	378	424	513	495	505	480	396	426	536	575	667	692	747	903	900	940	967	1025	954	904	896	834	731	734	777	746	737	745	801	777	710	697	686	690	687	669	736	683	656	645	642	609	497	516	511	517	486
Boliger til salg, ultimo	Ejerlejlighed	Billund	5	1	1	3	3	5	4	2	1	1	0	4	5	5	7	4	6	6	12	10	12	13	9	8	8	13	12	11	14	18	19	16	11	11	13	21	19	20	18	14	9	10	11	10	6	5	4	3
Boliger til salg, ultimo	Fritidshus	Hele landet	2470	3144	3435	3384	3553	3953	4534	4539	4670	6064	6449	6332	7129	8118	8121	8036	9385	10548	10561	9982	9841	9978	9284	8564	9269	10758	10537	9841	10557	12444	12090	11265	11499	12034	11810	10989	12208	13180	12975	11707	12085	13227	12505	11295	12294	12899	12443	11262
Boliger til salg, ultimo	Fritidshus	Region Hovedstaden	564	642	714	679	736	758	762	826	873	1211	1349	1350	1501	1700	1645	1629	1896	2086	2057	1842	1736	1723	1596	1444	1656	1932	1904	1731	1829	2205	2080	1863	1929	2073	1945	1708	1879	1968	1862	1597	1630	1844	1691	1438	1583	1587	1462	1222
Boliger til salg, ultimo	Fritidshus	Landsdel København by	6	6	5	4	5	2	4	3	1	2	2	3	3	12	6	12	11	12	18	17	13	14	11	9	14	18	27	26	27	25	22	18	15	14	19	17	18	23	23	13	15	14	11	11	10	7	13	8
Boliger til salg, ultimo	Fritidshus	København	6	4	1	1	2	1	3	0	0	..	..	1	1	5	1	3	2	2	2	2	2	1	0	..	..	1	3	4	7	3	3	2	2	1	2	1	0	3	1	0	1	0	0	2	2	0	0	..
Boliger til salg, ultimo	Fritidshus	Frederiksberg	..	..	..	..	..	..	..	..	..	..	..	..	..	..	..	..	..	..	..	..	..	..	..	..	..	..	..	..	..	..	..	..	..	..	..	..	..	..	..	2	2	2	0	..	..	..	..	..
Boliger til salg, ultimo	Fritidshus	Dragør	0	1	0	..	..	0	1	2	1	1	1	1	1	3	2	6	8	7	8	8	7	9	8	6	9	12	16	15	13	14	11	8	7	8	12	12	12	15	16	8	10	9	9	6	6	6	6	2
Boliger til salg, ultimo	Fritidshus	Tårnby	0	1	4	3	3	1	0	1	0	1	1	1	1	4	3	3	1	3	8	7	4	4	3	3	5	5	8	7	7	8	8	8	6	5	5	4	6	5	6	3	2	3	2	3	2	1	7	6
Boliger til salg, ultimo	Fritidshus	Landsdel Københavns omegn	38	37	34	34	33	30	30	20	34	35	47	57	47	57	64	64	73	71	72	61	59	65	58	48	62	67	60	55	61	79	75	63	66	65	67	63	73	62	61	51	46	55	51	34	45	43	38	23
Boliger til salg, ultimo	Fritidshus	Albertslund	..	..	..	..	..	..	..	..	..	..	..	..	..	..	..	..	..	..	..	..	..	..	..	..	..	..	..	..	..	..	..	..	..	..	..	..	..	..	..	..	..	..	..	..	..	..	..	..
Boliger til salg, ultimo	Fritidshus	Ballerup	16	16	9	9	10	13	9	8	7	7	11	15	15	19	20	19	31	26	24	24	24	27	22	17	26	35	35	27	26	29	25	17	17	21	29	28	32	32	31	23	18	26	21	12	17	11	6	6
Boliger til salg, ultimo	Fritidshus	Brøndby	1	0	..	..	..	..	..	..	..	..	..	..	..	..	..	..	..	..	..	..	..	..	..	..	..	..	..	..	..	..	..	..	..	..	..	..	..	..	..	..	..	..	..	..	..	..	..	..
Boliger til salg, ultimo	Fritidshus	Gentofte	..	..	..	..	..	..	..	..	..	..	..	..	..	..	..	..	..	..	..	..	..	..	..	..	..	..	..	..	..	..	..	..	..	..	..	..	..	..	..	..	..	..	..	..	..	..	..	..
Boliger til salg, ultimo	Fritidshus	Gladsaxe	1	0	..	..	..	..	..	..	..	..	..	..	..	..	..	..	..	..	..	..	..	..	..	..	..	..	..	..	..	1	0	..	0	..	1	1	1	1	1	0	..	..	..	..	..	..	..	..
Boliger til salg, ultimo	Fritidshus	Glostrup	..	..	0	..	..	1	2	1	19	15	15	15	0	..	..	..	..	..	..	..	..	..	..	..	..	..	..	..	..	..	1	1	1	0	1	1	2	2	3	2	3	2	2	0	0	..	..	..
Boliger til salg, ultimo	Fritidshus	Herlev	..	..	1	1	0	..	1	0	..	..	..	1	3	0	..	1	0	..	..	1	0	..	2	2	2	1	0	..	..	..	2	0	..	1	1	1	1	0	..	..	1	0	1	1	2	3	2	2
Boliger til salg, ultimo	Fritidshus	Hvidovre	1	1	1	2	2	2	0	..	..	..	..	1	1	3	3	4	5	6	6	3	2	2	2	2	1	3	2	3	6	6	8	6	4	3	3	5	6	5	3	2	1	4	6	3	3	6	6	3
Boliger til salg, ultimo	Fritidshus	Høje-Taastrup	18	18	22	22	20	12	18	11	8	13	20	23	27	35	41	40	37	39	42	33	33	36	32	26	32	27	23	25	28	37	32	34	37	34	25	20	23	18	19	19	20	23	20	17	23	21	23	11
Boliger til salg, ultimo	Fritidshus	Ishøj	1	2	1	0	1	1	0	..	..	..	..	..	..	..	..	..	..	..	..	..	..	..	..	1	1	1	0	..	..	..	..	..	..	..	1	1	1	0	..	..	..	..	0	..	..	..	..	..
Boliger til salg, ultimo	Fritidshus	Lyngby-Taarbæk	..	..	..	..	..	..	..	..	..	..	..	..	..	..	..	..	..	..	..	..	..	..	..	..	..	..	..	..	..	1	1	0	2	2	2	2	1	1	1	2	1	0	0	..	..	..	..	..
Boliger til salg, ultimo	Fritidshus	Rødovre	..	..	..	..	..	1	0	..	..	..	1	2	1	0	..	..	..	..	..	..	..	..	..	..	..	..	..	..	1	4	5	4	4	3	3	3	6	3	3	3	2	0	1	1	0	2	1	1
Boliger til salg, ultimo	Fritidshus	Vallensbæk	..	..	..	..	..	0	0	..	..	..	..	..	..	..	..	..	..	..	..	..	..	..	..	..	..	..	..	..	..	1	1	1	1	1	1	1	0	0	..	..	..	..	..	..	..	..	..	..
Boliger til salg, ultimo	Fritidshus	Landsdel Nordsjælland	472	543	597	556	595	653	667	715	750	1056	1148	1102	1242	1379	1378	1347	1561	1688	1632	1434	1330	1307	1200	1085	1248	1478	1454	1299	1384	1691	1598	1407	1458	1552	1416	1262	1394	1478	1332	1137	1183	1380	1264	1064	1205	1209	1106	896
Boliger til salg, ultimo	Fritidshus	Allerød	1	1	0	..	1	3	2	1	0	2	2	2	4	5	4	2	3	2	0	..	..	..	..	2	2	1	0	..	..	..	2	2	2	3	2	2	0	1	1	1	0	1	1	1	1	0	..	..
Boliger til salg, ultimo	Fritidshus	Egedal	3	2	3	10	9	6	4	1	4	6	8	7	10	13	20	22	21	22	21	18	18	24	22	18	23	22	22	24	24	29	25	24	18	18	17	15	14	15	13	12	10	15	16	16	16	18	17	13
Boliger til salg, ultimo	Fritidshus	Fredensborg	..	..	..	..	..	..	..	..	1	0	1	0	1	2	0	..	..	1	1	0	1	1	2	1	1	1	2	1	1	3	2	2	3	3	3	2	2	4	3	4	2	3	3	4	3	3	4	5
Boliger til salg, ultimo	Fritidshus	Frederikssund	101	143	125	95	126	143	138	142	143	228	239	236	263	320	300	300	324	332	312	294	288	283	257	249	278	322	330	310	319	363	334	308	322	325	308	275	307	327	287	256	266	301	266	225	266	274	232	194
Boliger til salg, ultimo	Fritidshus	Furesø	5	2	0	..	1	0	1	0	0	0	0	..	1	1	1	1	1	1	3	3	3	3	5	4	2	3	4	5	8	2	4	4	3	3	2	3	2	1	3	3	3	2	0	..	1	3	2	3
Boliger til salg, ultimo	Fritidshus	Gribskov	205	227	274	250	250	290	331	360	360	500	576	552	615	644	642	607	721	784	763	627	551	550	492	426	509	626	617	552	597	773	735	629	666	730	660	587	663	683	608	502	520	625	568	469	536	546	523	422
Boliger til salg, ultimo	Fritidshus	Halsnæs	96	103	118	121	125	135	124	142	165	204	210	192	218	257	275	272	318	357	341	314	294	275	268	241	272	334	316	253	277	338	324	289	287	303	280	257	276	305	280	231	247	278	250	213	245	227	213	160
Boliger til salg, ultimo	Fritidshus	Helsingør	57	61	72	70	73	68	64	68	74	110	104	105	118	124	125	130	159	175	180	167	162	158	143	134	146	151	147	136	145	170	158	140	144	151	126	103	110	123	126	111	118	136	142	125	124	131	104	90
Boliger til salg, ultimo	Fritidshus	Hillerød	3	3	3	8	9	7	2	1	2	3	5	5	8	8	7	9	10	10	7	6	10	8	9	8	14	16	14	17	12	11	11	7	10	13	13	12	12	10	7	12	11	13	12	9	10	5	7	7
Boliger til salg, ultimo	Fritidshus	Hørsholm	..	..	..	..	..	..	..	..	..	..	..	..	..	..	..	..	..	..	..	..	1	0	..	..	..	..	..	..	..	..	..	..	..	..	..	..	..	..	..	..	..	0	..	..	..	..	..	..
Boliger til salg, ultimo	Fritidshus	Rudersdal	1	1	2	2	1	1	1	0	1	3	3	3	4	5	4	4	4	4	4	5	2	5	2	2	1	2	2	1	1	2	3	2	3	3	5	6	8	9	4	5	6	6	6	2	3	2	4	2
Boliger til salg, ultimo	Fritidshus	Landsdel Bornholm	48	56	78	85	103	73	61	88	88	118	152	188	209	252	197	206	251	315	335	330	334	337	327	302	332	369	363	351	357	410	385	375	390	442	443	366	394	405	446	396	386	395	365	329	323	328	305	295
Boliger til salg, ultimo	Fritidshus	Bornholm	48	56	78	85	103	73	61	88	88	118	152	188	209	252	197	206	251	315	335	330	334	337	327	302	332	369	363	351	357	410	385	375	390	442	443	366	394	405	446	396	386	395	365	329	323	328	305	295
Boliger til salg, ultimo	Fritidshus	Region Sjælland	632	766	847	846	983	1117	1296	1303	1326	1764	1836	1749	2025	2332	2235	2181	2670	2881	2847	2600	2486	2525	2312	2098	2283	2609	2603	2419	2581	3040	2934	2695	2746	2877	2778	2575	2886	3121	2986	2680	2791	3088	2899	2583	2805	2956	2846	2549
Boliger til salg, ultimo	Fritidshus	Landsdel Østsjælland	58	69	72	52	71	77	71	76	65	99	100	89	102	128	130	120	134	145	147	129	123	130	107	96	104	111	112	112	115	155	147	132	136	132	119	102	125	138	117	106	102	114	107	86	98	102	105	83
Boliger til salg, ultimo	Fritidshus	Greve	1	1	0	..	..	..	..	..	..	..	..	..	..	..	..	..	..	1	1	3	4	4	3	2	1	1	2	1	1	1	1	1	2	0	..	..	1	0	..	1	1	2	0	..	..	..	..	..
Boliger til salg, ultimo	Fritidshus	Køge	3	4	7	5	4	4	4	3	2	2	4	3	3	6	13	12	11	13	14	13	11	9	11	12	11	10	7	7	7	8	8	9	9	9	8	5	6	5	2	3	3	5	5	5	7	6	3	2
Boliger til salg, ultimo	Fritidshus	Lejre	44	53	55	43	62	63	63	65	59	86	84	77	86	104	99	95	110	117	116	94	93	99	81	71	81	87	93	92	96	128	118	108	111	108	95	83	103	110	97	85	84	89	83	66	72	77	84	65
Boliger til salg, ultimo	Fritidshus	Roskilde	10	9	8	4	5	9	2	7	4	11	12	9	13	18	18	13	12	14	16	18	14	16	11	10	10	13	9	11	9	15	17	13	13	12	14	12	14	22	18	17	14	17	18	14	18	18	16	14
Boliger til salg, ultimo	Fritidshus	Solrød	..	2	2	0	..	1	2	1	0	..	..	..	..	..	..	..	1	0	0	1	1	2	1	1	1	0	1	1	2	3	3	1	1	3	2	2	1	1	0	..	..	1	1	1	1	1	2	2
Boliger til salg, ultimo	Fritidshus	Landsdel Vest- og Sydsjælland	574	697	775	794	912	1040	1225	1227	1261	1665	1736	1660	1923	2204	2105	2061	2536	2736	2700	2471	2363	2395	2205	2002	2179	2498	2491	2307	2466	2885	2787	2563	2610	2745	2659	2473	2761	2983	2869	2574	2689	2974	2792	2497	2707	2854	2741	2466
Boliger til salg, ultimo	Fritidshus	Faxe	11	7	17	10	11	17	18	11	10	17	14	15	18	19	26	25	27	32	27	22	24	25	21	17	17	22	25	24	23	27	25	22	26	28	23	20	32	35	26	22	20	27	25	22	26	32	25	17
Boliger til salg, ultimo	Fritidshus	Guldborgsund	47	74	79	81	95	116	174	201	199	233	212	196	267	320	348	346	389	404	406	404	398	391	368	341	355	376	389	385	416	465	452	433	465	453	445	435	453	481	460	445	447	487	440	418	440	442	436	405
Boliger til salg, ultimo	Fritidshus	Holbæk	43	30	27	32	42	53	70	72	67	101	102	95	108	123	128	112	146	151	146	123	117	128	119	115	131	165	168	152	150	185	186	173	167	186	184	175	203	216	203	183	172	201	213	188	200	214	198	182
Boliger til salg, ultimo	Fritidshus	Kalundborg	62	87	83	72	87	118	153	154	164	217	223	205	235	274	274	274	303	338	327	317	270	310	286	278	308	351	354	320	355	407	379	370	392	401	382	354	394	436	444	401	404	429	393	351	407	451	406	377
Boliger til salg, ultimo	Fritidshus	Lolland	30	31	43	59	69	89	146	138	135	130	150	157	178	196	216	231	239	260	260	247	236	234	221	212	209	225	229	229	248	271	265	265	258	253	255	253	270	277	278	262	255	274	287	273	279	297	291	283
Boliger til salg, ultimo	Fritidshus	Næstved	20	17	20	24	18	16	17	13	18	26	32	31	41	47	38	27	46	58	62	63	63	66	59	53	43	62	59	55	69	74	76	73	82	73	69	74	84	97	96	90	93	101	157	155	120	127	110	94
Boliger til salg, ultimo	Fritidshus	Odsherred	211	276	319	314	350	390	403	391	409	586	621	577	647	723	594	555	820	893	883	765	740	737	674	585	674	772	773	680	731	914	889	738	733	811	819	716	822	898	837	693	798	905	787	657	739	771	769	677
Boliger til salg, ultimo	Fritidshus	Ringsted	2	2	2	1	1	1	1	0	0	1	2	1	1	1	1	0	..	3	3	3	3	3	3	3	3	3	0	..	1	3	3	3	3	4	3	2	2	3	2	2	3	4	3	3	3	5	5	5
Boliger til salg, ultimo	Fritidshus	Slagelse	35	49	50	68	78	70	79	73	70	109	113	115	129	174	176	185	213	231	215	188	177	173	154	131	147	193	181	167	168	194	183	173	169	185	169	146	187	197	192	174	185	212	177	148	177	185	192	153
Boliger til salg, ultimo	Fritidshus	Sorø	2	4	4	3	3	4	3	4	4	4	0	3	3	4	3	5	7	4	6	7	7	5	3	1	0	5	6	6	5	6	8	8	9	11	12	10	13	11	13	13	11	11	11	10	8	11	12	11
Boliger til salg, ultimo	Fritidshus	Stevns	32	27	23	24	30	34	19	26	20	31	38	38	44	58	48	51	70	81	75	63	60	58	45	39	44	48	41	39	38	62	59	63	58	61	43	41	43	52	49	46	52	57	55	46	51	49	50	40
Boliger til salg, ultimo	Fritidshus	Vordingborg	79	93	108	106	128	132	142	144	165	210	229	227	252	265	253	250	276	281	290	269	268	265	252	227	248	276	266	250	262	277	262	242	248	279	255	247	258	280	269	243	249	266	244	226	257	270	247	222
Boliger til salg, ultimo	Fritidshus	Region Syddanmark	360	454	506	541	552	587	761	748	752	929	1001	996	1133	1214	1293	1298	1467	1731	1740	1708	1710	1722	1585	1502	1573	1741	1683	1598	1776	2086	2065	1974	2037	2144	2144	2028	2264	2457	2422	2261	2335	2504	2387	2238	2377	2492	2450	2306
Boliger til salg, ultimo	Fritidshus	Landsdel Fyn	154	152	160	149	130	132	149	141	143	184	203	228	233	300	320	343	424	547	539	516	500	514	469	430	442	504	477	455	523	655	626	572	613	671	637	619	698	760	743	665	722	779	725	652	731	763	753	673
Boliger til salg, ultimo	Fritidshus	Assens	7	7	7	6	7	7	5	4	11	11	7	10	6	15	14	13	15	27	27	26	28	27	24	23	22	27	21	24	31	45	43	42	35	42	36	33	38	42	42	38	37	40	31	31	33	37	33	32
Boliger til salg, ultimo	Fritidshus	Faaborg-Midtfyn	7	7	10	11	10	11	10	11	11	20	19	18	28	33	35	39	44	53	46	36	44	42	42	37	40	44	37	38	47	54	53	43	42	48	51	49	57	64	60	51	59	65	54	54	60	70	57	50
Boliger til salg, ultimo	Fritidshus	Kerteminde	30	20	22	13	10	8	16	24	27	40	44	34	39	44	42	45	50	63	67	59	59	56	54	50	56	61	61	51	54	73	64	64	72	81	68	65	70	67	71	63	72	78	79	67	80	82	75	61
Boliger til salg, ultimo	Fritidshus	Langeland	47	54	57	51	43	45	40	35	37	42	39	71	44	87	84	84	99	134	155	150	119	128	121	101	112	142	122	118	137	171	184	157	176	201	199	201	227	242	233	215	235	243	227	208	221	238	249	233
Boliger til salg, ultimo	Fritidshus	Middelfart	14	9	12	13	15	19	20	15	11	17	19	17	29	30	30	31	39	44	43	42	43	47	47	47	48	51	54	49	49	59	58	55	53	58	47	46	49	65	69	56	63	69	61	59	70	68	64	57
Boliger til salg, ultimo	Fritidshus	Nordfyns	39	38	32	34	29	27	38	35	28	30	44	48	50	54	74	93	130	160	133	134	143	153	124	116	109	115	127	122	134	155	133	144	161	169	154	143	164	171	155	142	151	167	165	141	157	154	165	143
Boliger til salg, ultimo	Fritidshus	Nyborg	5	8	6	8	8	6	7	5	3	5	7	8	14	14	15	11	18	29	34	32	26	28	28	29	27	31	24	24	32	39	37	31	32	29	38	37	40	42	44	33	35	35	30	22	34	34	37	31
Boliger til salg, ultimo	Fritidshus	Odense	..	1	0	..	..	..	..	..	..	1	1	2	1	1	1	1	2	2	2	2	2	2	2	2	2	1	1	1	1	1	2	2	2	2	2	2	2	2	1	1	1	2	0	..	1	1	0	..
Boliger til salg, ultimo	Fritidshus	Svendborg	4	6	8	10	6	6	9	8	11	14	16	12	10	14	16	15	13	23	22	24	24	21	20	17	18	25	20	17	24	32	27	15	21	22	21	24	28	35	35	28	31	33	30	24	30	34	32	29
Boliger til salg, ultimo	Fritidshus	Ærø	1	2	6	3	2	3	4	4	4	4	7	8	12	8	9	11	14	12	10	11	12	10	7	8	8	7	10	11	14	26	25	19	19	19	21	19	23	30	33	38	38	47	48	46	45	45	41	37
Boliger til salg, ultimo	Fritidshus	Landsdel Sydjylland	206	302	346	392	422	455	612	607	609	745	798	768	900	914	973	955	1043	1184	1201	1192	1210	1208	1116	1072	1131	1237	1206	1143	1253	1431	1439	1402	1424	1473	1507	1409	1566	1697	1679	1596	1613	1725	1662	1586	1646	1729	1697	1633
Boliger til salg, ultimo	Fritidshus	Billund	..	..	..	..	..	..	..	..	..	..	..	..	..	..	..	..	..	..	6	7	6	6	5	6	7	6	11	12	28	35	41	42	39	38	41	46	47	46	42	45	43	50	51	51	51	59	55	59
