bevægelsestype	ejendomskategori	postnumre	2004K1	2004K2	2004K3	2004K4	2005K1	2005K2	2005K3	2005K4	2006K1	2006K2	2006K3	2006K4	2007K1	2007K2	2007K3	2007K4	2008K1	2008K2	2008K3	2008K4	2009K1	2009K2	2009K3	2009K4	2010K1	2010K2	2010K3	2010K4	2011K1	2011K2	2011K3	2011K4	2012K1	2012K2	2012K3	2012K4	2013K1	2013K2	2013K3	2013K4	2014K1	2014K2	2014K3	2014K4	2015K1	2015K2	2015K3	2015K4	
Solgte boliger	Parcel-/rækkehus	1000-1499 Kbh.K.	0	1	1	2	1	3	1	1	0	1	0	2	0	0	0	0	1	2	0	0	0	1	1	0	0	1	0	0	0	1	0	1	0	1	1	0	0	3	1	0	2	1	0	1	4	1	0	3
Solgte boliger	Parcel-/rækkehus	1500-1799 Kbh.V.	0	0	0	1	1	0	0	2	0	0	4	0	1	0	0	1	2	2	0	1	1	0	1	2	..	0	1	2	1	2	0	0	1	2	1	1	1	1	0	1	0	2	0	..	0	2	1	1
Solgte boliger	Parcel-/rækkehus	1800-1999 Frederiksberg C	1	2	0	1	2	0	0	1	3	1	1	2	1	0	0	0	0	0	0	1	1	1	2	4	0	1	2	0	0	1	2	0	1	2	2	0	1	2	1	2	1	1	5	0	1	2	1	0
Solgte boliger	Parcel-/rækkehus	2000 Frederiksberg	15	12	10	10	14	10	9	10	2	14	7	6	8	11	11	2	6	10	7	6	4	9	15	8	13	15	9	9	9	6	9	8	7	9	16	13	16	13	10	8	11	20	14	7	19	16	12	11
Solgte boliger	Parcel-/rækkehus	2100 København Ø	10	12	5	10	6	6	5	9	7	3	4	5	8	12	12	5	9	10	4	7	10	17	12	6	10	5	6	16	7	6	12	7	10	14	20	5	5	11	8	12	9	10	10	10	14	12	10	7
Solgte boliger	Parcel-/rækkehus	2150 Nordhavn	..	..	..	..	..	..	..	..	..	..	..	..	..	..	..	..	..	..	..	..	..	..	..	..	..	..	..	..	..	..	..	..	..	..	..	..	..	..	..	..	..	0	0	0	0	0	..	..
Solgte boliger	Parcel-/rækkehus	2200 København N	..	0	0	0	1	..	..	..	..	..	..	..	0	0	0	1	..	..	..	..	..	..	..	..	..	..	..	..	..	..	..	..	..	0	0	0	1	0	..	..	..	..	0	0	0	0	0	0
Solgte boliger	Parcel-/rækkehus	2300 København S	40	58	30	33	42	49	25	34	28	39	47	24	25	42	35	39	37	54	34	10	25	55	41	34	31	38	48	35	38	41	27	32	39	43	53	47	45	45	49	45	42	51	55	57	67	47	42	49
Solgte boliger	Parcel-/rækkehus	2400 København NV	8	12	1	9	9	7	6	6	7	8	1	3	3	11	12	15	17	7	8	8	6	8	7	4	5	12	18	12	5	13	7	7	12	8	14	14	8	11	17	14	15	12	7	6	6	12	14	12
Solgte boliger	Parcel-/rækkehus	2450 København SV	..	..	..	0	0	0	0	1	..	..	..	..	0	0	0	0	0	0	..	0	0	0	0	1	0	0	0	0	0	..	0	0	0	0	0	0	0	0	0	0	0	0	0	..	0	1	..	..
Solgte boliger	Parcel-/rækkehus	2500 Valby	25	49	9	25	19	21	22	15	18	19	18	21	12	38	22	22	22	24	20	12	22	35	39	30	33	36	35	20	23	24	27	33	35	24	27	27	26	29	37	25	30	45	34	32	35	48	38	31
Solgte boliger	Parcel-/rækkehus	2600 Glostrup	29	35	21	40	33	32	40	26	34	25	26	24	23	39	34	28	32	30	23	21	24	37	28	31	24	26	30	28	25	27	26	23	20	23	28	29	27	42	28	34	25	28	40	42	54	49	50	38
Solgte boliger	Parcel-/rækkehus	2605 Brøndby	25	27	17	14	19	16	18	13	27	20	19	13	19	15	25	20	22	30	18	17	12	25	26	11	17	18	12	17	16	24	17	9	21	22	36	23	16	31	35	23	23	31	34	22	33	35	28	23
Solgte boliger	Parcel-/rækkehus	2610 Rødovre	50	72	39	48	47	79	51	29	49	37	26	34	44	51	52	47	35	52	38	28	33	47	55	49	44	71	56	45	33	48	36	45	42	38	39	38	46	51	55	50	45	66	44	57	65	81	64	40
Solgte boliger	Parcel-/rækkehus	2620 Albertslund	33	29	23	19	23	14	20	23	28	19	11	16	17	22	24	28	25	23	16	10	19	19	17	24	27	20	12	10	14	12	18	20	15	11	19	17	16	16	20	15	23	19	17	21	21	36	35	22
Solgte boliger	Parcel-/rækkehus	2625 Vallensbæk	16	9	6	13	8	9	5	10	1	7	6	2	9	16	11	14	15	17	4	6	10	7	9	19	5	9	14	7	12	11	7	10	10	13	11	13	7	16	10	9	7	15	27	9	16	15	17	5
Solgte boliger	Parcel-/rækkehus	2630 Taastrup	45	44	37	42	59	62	50	26	46	45	33	19	42	42	53	30	37	44	37	17	22	37	48	22	33	28	37	33	41	23	30	29	29	41	38	33	38	55	37	35	37	57	45	32	62	62	54	53
Solgte boliger	Parcel-/rækkehus	2635 Ishøj	33	34	19	32	31	49	34	24	25	19	23	9	17	22	19	22	21	18	12	13	20	15	15	18	19	28	18	17	20	16	14	14	21	12	23	25	15	25	26	23	19	27	27	28	41	32	25	27
Solgte boliger	Parcel-/rækkehus	2640 Hedehusene	19	26	24	19	40	29	25	24	26	33	25	9	16	34	22	23	23	29	20	10	11	20	18	19	23	17	15	20	24	18	19	18	20	22	15	17	19	24	22	19	21	23	21	19	19	30	40	30
Solgte boliger	Parcel-/rækkehus	2650 Hvidovre	72	113	50	47	52	80	82	61	75	59	50	45	57	94	67	59	68	82	47	26	36	58	73	73	69	70	84	75	62	49	48	52	62	61	56	64	69	72	71	64	76	98	109	92	114	103	92	75
Solgte boliger	Parcel-/rækkehus	2660 Brøndby Strand	13	19	13	9	20	13	21	25	22	12	12	16	13	19	20	15	11	16	16	9	6	18	9	7	9	18	12	7	7	6	9	12	10	16	12	11	7	13	15	17	19	18	13	14	13	25	22	18
Solgte boliger	Parcel-/rækkehus	2665 Vallensbæk Strand	16	14	8	13	9	19	17	13	19	18	12	3	8	29	22	10	17	19	10	12	11	29	18	16	9	13	15	11	19	10	16	15	11	17	23	15	7	13	13	20	15	24	15	16	27	30	10	21
Solgte boliger	Parcel-/rækkehus	2670 Greve	85	103	88	78	96	97	87	68	67	59	46	47	57	56	47	50	47	63	50	45	45	50	60	51	60	73	65	56	39	49	54	39	64	49	60	51	62	54	56	42	43	71	75	60	82	112	108	59
Solgte boliger	Parcel-/rækkehus	2680 Solrød Strand	59	52	34	33	41	55	43	40	36	35	30	22	23	31	21	18	28	33	21	27	22	22	21	38	37	44	24	22	28	34	26	16	27	27	22	35	38	39	39	42	46	37	38	37	44	57	52	53
Solgte boliger	Parcel-/rækkehus	2690 Karlslunde	16	15	33	27	24	28	20	29	31	21	14	13	18	23	17	22	22	27	16	14	11	15	25	17	21	20	18	25	14	18	16	21	8	12	18	19	14	15	18	17	23	18	19	19	23	54	39	21
Solgte boliger	Parcel-/rækkehus	2700 Brønshøj	33	48	31	23	45	46	44	24	30	35	36	21	23	35	36	30	34	56	23	16	24	37	49	32	34	42	32	26	29	34	35	21	30	40	33	29	30	40	38	33	48	50	45	33	55	50	40	36
Solgte boliger	Parcel-/rækkehus	2720 Vanløse	17	29	15	20	25	28	24	26	22	17	13	18	14	29	33	19	24	22	11	4	13	25	27	22	34	29	25	31	18	22	16	25	20	32	28	27	24	33	27	22	26	19	29	25	29	28	22	21
Solgte boliger	Parcel-/rækkehus	2730 Herlev	37	63	34	38	45	61	33	26	34	38	27	25	28	66	36	43	36	40	39	23	23	38	47	46	36	40	37	46	18	33	35	30	34	40	49	30	37	37	46	43	39	45	49	44	53	56	35	31
Solgte boliger	Parcel-/rækkehus	2740 Skovlunde	25	11	20	22	20	21	16	21	18	24	19	16	15	24	16	17	18	23	16	15	9	16	10	15	25	23	18	11	14	19	14	12	12	14	20	11	17	18	15	17	13	22	24	18	20	34	34	23
Solgte boliger	Parcel-/rækkehus	2750 Ballerup	30	35	15	17	29	39	26	31	30	29	21	13	23	23	28	16	17	35	18	18	14	22	28	26	29	26	36	23	15	21	17	15	26	24	17	33	32	28	28	20	22	26	30	36	28	41	28	28
Solgte boliger	Parcel-/rækkehus	2760 Måløv	9	13	8	5	8	13	6	7	4	10	8	3	8	7	11	8	6	22	6	3	6	6	11	16	7	8	8	6	8	5	3	6	11	7	7	5	3	7	10	6	6	3	1	8	9	9	7	5
Solgte boliger	Parcel-/rækkehus	2765 Smørum	26	29	29	26	26	23	20	15	24	17	15	8	13	33	19	29	19	31	20	13	10	11	23	24	15	24	32	21	12	22	12	14	18	16	22	22	14	12	28	25	26	33	37	16	21	34	24	33
Solgte boliger	Parcel-/rækkehus	2770 Kastrup	61	83	53	56	57	78	62	50	43	50	46	34	45	69	76	49	48	63	38	45	37	62	52	51	58	73	66	50	53	47	57	37	40	63	71	53	50	76	57	57	70	80	88	68	71	103	72	72
Solgte boliger	Parcel-/rækkehus	2791 Dragør	23	35	23	27	39	40	25	22	21	21	28	14	16	20	24	26	19	32	28	14	26	41	39	28	46	42	48	36	28	26	18	28	34	50	43	44	35	47	40	31	51	60	51	41	55	62	59	50
Solgte boliger	Parcel-/rækkehus	2800 Kgs.Lyngby	66	70	38	29	67	63	47	36	50	39	33	32	43	55	42	41	53	49	50	27	37	62	47	57	48	65	67	42	37	43	23	41	47	58	60	48	37	73	51	44	49	41	65	53	77	59	49	52
Solgte boliger	Parcel-/rækkehus	2820 Gentofte	31	46	22	34	40	35	32	31	34	32	25	15	17	37	35	33	29	47	23	22	26	51	32	47	35	36	26	34	31	28	25	25	28	39	43	35	32	38	44	38	25	44	25	40	30	48	40	36
Solgte boliger	Parcel-/rækkehus	2830 Virum	46	65	34	36	53	45	27	34	39	33	38	11	25	48	42	40	40	39	36	28	40	48	47	52	54	52	55	41	34	47	33	28	33	47	42	42	33	61	47	47	32	61	46	44	57	55	39	35
Solgte boliger	Parcel-/rækkehus	2840 Holte	51	58	36	26	47	43	32	28	38	20	23	25	18	22	26	24	24	40	22	13	29	28	40	41	40	41	38	22	24	30	28	26	29	34	43	40	39	39	38	32	43	40	39	33	46	49	46	40
Solgte boliger	Parcel-/rækkehus	2850 Nærum	10	8	8	16	10	17	10	5	6	9	3	3	3	4	7	4	5	7	6	4	7	9	7	4	12	6	6	5	6	8	10	7	8	5	9	6	6	9	17	7	7	5	4	14	7	15	10	9
Solgte boliger	Parcel-/rækkehus	2860 Søborg	38	42	23	28	29	28	28	19	34	22	25	17	24	28	29	25	24	36	11	21	16	9	25	22	26	37	34	30	26	37	30	21	32	28	26	23	25	37	33	23	29	28	58	39	47	61	56	52
Solgte boliger	Parcel-/rækkehus	2870 Dyssegård	3	11	5	4	8	9	8	9	8	14	5	4	8	5	7	7	8	14	10	2	9	8	11	11	6	13	11	11	7	9	7	4	8	5	8	6	7	15	10	9	8	13	10	11	10	9	6	12
Solgte boliger	Parcel-/rækkehus	2880 Bagsværd	26	33	22	17	33	31	24	20	24	33	25	19	18	26	23	15	14	28	23	6	21	14	28	23	32	35	26	27	21	25	13	18	24	34	29	17	22	22	25	29	31	30	38	33	23	47	39	25
Solgte boliger	Parcel-/rækkehus	2900 Hellerup	38	41	22	30	26	37	26	31	25	28	27	22	22	30	30	20	28	31	28	18	23	33	22	33	27	39	27	22	17	34	24	25	27	33	29	31	31	31	32	27	26	26	37	40	42	47	29	35
Solgte boliger	Parcel-/rækkehus	2920 Charlottenlund	43	39	32	28	43	42	34	25	39	33	15	13	16	19	18	16	16	33	18	15	28	33	43	40	23	29	29	31	27	31	16	34	27	23	34	34	32	33	26	22	33	36	29	34	43	54	38	46
Solgte boliger	Parcel-/rækkehus	2930 Klampenborg	13	11	13	13	5	14	13	18	14	8	4	4	4	7	4	6	4	7	6	4	10	8	6	10	18	13	12	14	8	9	9	6	10	7	7	16	1	8	7	12	12	16	16	7	13	13	7	5
Solgte boliger	Parcel-/rækkehus	2942 Skodsborg	1	4	6	0	4	5	1	0	1	5	0	2	0	3	5	0	1	3	4	1	2	2	2	2	3	3	1	0	3	1	1	0	3	3	4	1	2	2	2	1	0	3	4	2	1	1	7	1
Solgte boliger	Parcel-/rækkehus	2950 Vedbæk	16	29	14	14	23	23	26	14	11	18	17	3	11	14	13	18	15	15	11	8	10	15	14	16	13	14	13	18	12	14	16	10	9	18	27	11	14	22	22	23	17	20	18	14	27	31	27	16
Solgte boliger	Parcel-/rækkehus	2960 Rungsted Kyst	24	19	19	18	20	19	27	19	14	19	13	8	8	17	15	8	11	13	13	11	3	12	8	19	13	17	16	13	9	11	9	14	15	13	12	16	13	16	15	17	16	24	17	10	22	20	18	9
Solgte boliger	Parcel-/rækkehus	2970 Hørsholm	41	51	52	32	45	55	55	39	52	44	38	20	37	49	46	37	27	32	29	26	24	54	49	38	50	38	38	30	33	31	21	27	33	39	36	41	32	47	46	42	41	50	47	38	43	59	48	40
Solgte boliger	Parcel-/rækkehus	2980 Kokkedal	18	38	28	30	34	24	19	33	20	31	14	8	17	22	17	13	17	11	11	11	22	16	30	13	23	24	17	16	13	18	21	15	16	13	15	11	9	11	29	20	15	17	19	16	24	33	34	18
Solgte boliger	Parcel-/rækkehus	2990 Nivå	12	19	9	14	15	11	7	12	11	17	8	3	8	16	15	13	16	14	9	7	8	14	7	6	14	10	19	10	21	10	9	11	11	15	9	18	14	14	8	18	12	19	17	16	10	22	16	11
Solgte boliger	Parcel-/rækkehus	3000 Helsingør	32	29	32	29	30	30	37	26	32	38	38	23	23	39	41	23	31	30	24	17	26	35	31	28	28	20	35	26	21	21	25	18	14	25	25	17	21	31	27	23	28	24	20	29	42	34	32	40
Solgte boliger	Parcel-/rækkehus	3050 Humlebæk	17	24	17	11	10	19	15	17	13	15	14	8	4	9	12	16	8	6	3	8	9	8	16	13	13	22	12	8	12	12	7	11	16	12	10	16	10	17	11	9	17	17	25	13	15	21	20	9
Solgte boliger	Parcel-/rækkehus	3060 Espergærde	23	28	14	20	10	23	30	26	20	26	12	10	22	22	18	21	21	22	23	13	15	18	24	23	22	19	28	20	24	22	20	15	22	17	22	21	18	21	24	20	25	27	21	26	37	39	33	18
Solgte boliger	Parcel-/rækkehus	3070 Snekkersten	15	20	14	6	9	11	14	6	13	15	18	8	6	14	14	11	4	14	10	9	8	7	4	12	10	10	6	6	11	9	7	8	9	14	11	10	5	8	10	9	11	5	10	16	10	7	10	17
Solgte boliger	Parcel-/rækkehus	3080 Tikøb	3	6	3	1	0	8	3	2	1	4	4	1	2	5	2	1	0	3	0	1	0	4	2	1	2	4	3	3	4	0	4	0	2	0	1	2	1	4	2	0	2	2	4	1	2	3	2	4
Solgte boliger	Parcel-/rækkehus	3100 Hornbæk	18	19	13	14	11	13	17	7	17	14	5	4	9	8	12	7	6	15	3	5	7	1	4	3	11	14	8	9	10	5	5	8	7	4	6	6	7	8	6	6	11	12	15	15	9	16	16	14
Solgte boliger	Parcel-/rækkehus	3120 Dronningmølle	7	8	2	3	5	9	4	4	3	7	2	2	3	5	4	2	0	1	3	1	0	1	3	1	4	2	2	4	0	0	3	1	2	0	0	1	1	4	0	5	0	2	1	0	2	6	4	0
Solgte boliger	Parcel-/rækkehus	3140 Ålsgårde	22	11	16	17	13	19	23	10	19	23	13	9	10	12	11	13	16	10	9	7	9	12	11	21	7	16	15	5	11	10	6	6	4	6	6	12	6	9	8	12	11	18	13	14	18	24	3	18
Solgte boliger	Parcel-/rækkehus	3150 Hellebæk	3	3	0	0	1	1	0	0	1	1	1	0	3	2	2	1	2	2	0	2	1	2	1	2	0	0	0	0	1	0	1	0	0	0	1	2	2	1	0	0	0	1	2	0	3	3	3	1
Solgte boliger	Parcel-/rækkehus	3200 Helsinge	42	49	33	30	43	49	45	40	40	43	26	23	25	21	36	24	21	34	13	18	17	40	34	15	30	27	22	20	25	24	24	21	21	24	31	26	24	25	31	30	12	31	33	26	29	42	34	26
Solgte boliger	Parcel-/rækkehus	3210 Vejby	8	7	6	12	6	9	9	7	5	5	8	2	5	7	5	5	4	5	0	2	4	4	4	4	5	5	4	3	3	5	0	6	9	5	2	3	0	3	2	5	6	3	7	6	3	2	9	5
Solgte boliger	Parcel-/rækkehus	3220 Tisvildeleje	3	3	3	1	1	10	3	0	3	4	5	0	3	3	6	1	4	0	4	0	0	1	2	0	4	4	3	1	2	2	2	0	0	1	2	4	3	5	3	4	3	0	5	4	4	5	2	8
Solgte boliger	Parcel-/rækkehus	3230 Græsted	28	22	22	25	24	30	24	32	27	24	21	19	21	19	19	10	9	10	12	15	9	15	14	20	14	12	22	6	8	12	17	14	11	18	20	14	14	14	13	12	10	13	14	12	17	21	25	16
Solgte boliger	Parcel-/rækkehus	3250 Gilleleje	24	27	15	20	26	27	24	23	22	22	22	13	19	22	16	14	11	22	5	7	12	18	8	12	19	18	15	10	13	20	15	13	9	12	11	13	13	16	13	11	16	10	18	18	23	29	29	27
Solgte boliger	Parcel-/rækkehus	3300 Frederiksværk	31	40	37	40	35	46	49	33	45	51	27	37	28	35	25	26	26	35	21	14	21	23	27	27	16	30	17	13	18	23	15	20	19	29	24	16	17	37	28	27	20	19	29	32	26	45	40	30
Solgte boliger	Parcel-/rækkehus	3310 Ølsted	2	6	6	7	3	4	7	7	4	7	4	2	2	2	4	2	5	2	7	2	5	4	6	3	4	9	5	2	3	3	2	2	2	6	2	1	5	1	3	4	2	5	4	2	3	2	3	2
Solgte boliger	Parcel-/rækkehus	3320 Skævinge	12	9	22	9	20	27	13	13	20	13	14	20	15	15	15	10	18	8	7	9	5	6	7	30	13	11	13	10	5	10	7	5	7	5	5	11	6	10	3	7	15	8	10	8	9	13	12	8
Solgte boliger	Parcel-/rækkehus	3330 Gørløse	7	5	5	4	3	6	12	8	2	7	4	1	1	1	3	2	2	4	3	1	2	2	3	3	3	2	1	2	1	3	3	6	2	2	5	3	2	6	6	3	1	3	4	0	5	3	2	3
Solgte boliger	Ejerlejlighed	1000-1499 Kbh.K.	98	97	56	81	129	127	105	96	103	84	78	61	57	86	79	94	73	69	59	42	62	73	66	79	74	81	74	89	63	76	69	77	75	92	98	73	81	94	89	100	80	119	139	111	130	141	104	97
Solgte boliger	Ejerlejlighed	1500-1799 Kbh.V.	104	68	50	65	82	102	67	86	76	51	59	44	69	58	63	62	51	62	47	30	35	38	48	62	46	61	52	62	63	59	68	53	56	68	70	69	61	73	76	59	101	84	84	77	99	84	87	61
Solgte boliger	Ejerlejlighed	1800-1999 Frederiksberg C	98	85	58	66	77	98	79	78	84	65	54	43	74	69	80	67	76	70	47	47	52	58	85	68	79	64	59	77	68	72	52	50	73	80	82	100	65	78	88	81	83	110	88	93	86	91	94	74
Solgte boliger	Ejerlejlighed	2000 Frederiksberg	190	176	115	134	174	178	198	122	179	172	85	88	103	155	160	135	135	159	97	81	100	109	152	132	113	145	133	121	120	116	131	122	135	147	161	135	126	145	174	154	157	173	197	184	226	229	198	162
Solgte boliger	Ejerlejlighed	2100 København Ø	203	217	164	180	230	228	197	186	196	142	115	99	148	172	175	152	154	145	126	100	107	147	129	160	133	148	130	150	147	139	109	132	163	161	196	166	149	193	233	202	176	214	225	231	249	258	221	189
Solgte boliger	Ejerlejlighed	2150 Nordhavn	..	..	..	..	..	..	..	..	..	..	..	..	..	..	..	..	..	..	..	..	..	..	..	..	..	..	..	..	..	..	..	..	..	..	..	..	..	..	0	0	0	0	0	0	0	0	0	0
Solgte boliger	Ejerlejlighed	2200 København N	143	172	112	105	156	189	150	105	126	100	70	46	96	117	130	96	92	94	66	51	60	92	84	81	61	82	91	86	59	66	87	89	82	99	107	81	82	94	98	101	117	130	123	137	132	158	152	135
Solgte boliger	Ejerlejlighed	2300 København S	271	284	173	223	260	395	379	195	345	195	193	153	226	275	303	252	206	234	142	110	102	205	193	160	158	170	210	151	178	189	211	170	191	280	283	234	193	221	216	251	268	306	381	349	436	413	439	327
Solgte boliger	Ejerlejlighed	2400 København NV	85	105	69	74	116	97	82	74	117	81	57	56	80	95	69	55	52	61	28	24	23	33	34	43	24	35	37	38	31	36	41	30	33	46	48	41	43	45	58	51	48	75	87	73	117	106	132	86
Solgte boliger	Ejerlejlighed	2450 København SV	40	50	40	41	38	42	42	42	43	31	18	19	20	51	60	52	33	46	41	17	29	27	39	39	22	55	45	35	41	41	41	36	46	57	62	39	36	41	64	49	42	58	80	75	77	77	80	65
Solgte boliger	Ejerlejlighed	2500 Valby	103	126	85	103	100	108	111	68	74	61	57	60	78	86	86	87	88	87	62	48	50	68	53	47	56	57	60	47	36	45	57	45	55	63	79	59	57	70	79	66	87	90	97	106	121	140	111	123
Solgte boliger	Ejerlejlighed	2600 Glostrup	21	17	15	16	23	24	27	19	32	15	16	14	16	13	24	17	12	11	15	4	7	12	7	10	10	9	10	7	6	7	12	7	14	5	13	8	17	17	18	11	20	16	8	27	25	32	28	23
Solgte boliger	Ejerlejlighed	2605 Brøndby	6	3	4	6	8	3	8	4	7	6	4	8	4	4	2	1	2	2	3	2	0	3	4	2	3	3	3	0	1	0	3	1	2	5	1	0	2	6	1	3	2	3	4	1	1	5	3	0
Solgte boliger	Ejerlejlighed	2610 Rødovre	64	72	38	53	59	56	71	58	59	47	36	31	28	44	43	26	27	30	16	23	14	24	24	22	14	22	20	24	18	22	23	15	24	29	32	25	22	28	24	23	31	44	35	48	49	66	63	43
Solgte boliger	Ejerlejlighed	2620 Albertslund	12	11	8	10	10	7	4	7	10	9	11	7	5	10	9	7	11	9	9	3	8	2	1	4	4	7	9	5	1	9	2	4	6	11	3	5	6	6	7	5	4	4	8	7	11	15	14	5
Solgte boliger	Ejerlejlighed	2625 Vallensbæk	5	5	1	2	4	1	0	2	1	1	1	1	2	1	2	4	2	4	1	0	5	7	2	3	2	1	0	2	5	1	6	0	3	1	3	0	0	0	1	1	2	6	3	1	4	2	4	1
Solgte boliger	Ejerlejlighed	2630 Taastrup	83	59	51	84	102	102	73	63	64	62	57	49	45	48	58	34	50	38	40	33	25	45	38	40	35	39	40	28	36	21	42	33	25	42	38	30	34	41	38	42	45	48	61	68	82	84	90	68
Solgte boliger	Ejerlejlighed	2635 Ishøj	28	23	12	26	35	32	33	35	24	20	18	8	12	12	6	11	13	12	8	6	13	14	11	9	7	10	7	11	16	9	6	9	12	8	6	10	11	16	5	14	10	17	17	17	11	18	17	26
Solgte boliger	Ejerlejlighed	2640 Hedehusene	10	15	7	16	17	10	18	7	12	10	7	4	6	9	5	11	9	10	4	5	3	8	3	5	5	7	6	0	3	8	8	2	7	8	4	8	5	2	11	8	6	7	10	7	4	10	5	13
Solgte boliger	Ejerlejlighed	2650 Hvidovre	37	35	31	42	45	55	38	37	35	25	27	18	17	30	23	27	25	23	27	10	9	17	21	16	20	20	16	20	16	21	29	14	21	17	23	21	26	24	16	17	30	25	35	29	36	37	50	34
Solgte boliger	Ejerlejlighed	2660 Brøndby Strand	..	..	0	1	0	..	0	0	2	2	0	0	1	0	0	2	0	0	0	0	0	1	1	1	0	1	0	0	0	0	0	0	1	1	0	0	..	2	0	..	..	..	..	..	..	..	..	..
Solgte boliger	Ejerlejlighed	2665 Vallensbæk Strand	17	14	10	9	15	22	14	22	15	15	19	10	19	13	11	11	15	14	11	9	8	16	16	9	16	8	9	12	9	15	10	8	10	8	15	18	12	10	10	15	12	16	19	16	19	21	22	21
Solgte boliger	Ejerlejlighed	2670 Greve	25	21	11	17	32	23	9	19	24	15	13	9	12	13	11	9	6	13	6	5	4	7	15	8	11	5	13	7	9	8	9	9	6	5	7	7	5	11	9	6	8	10	12	8	9	11	16	11
Solgte boliger	Ejerlejlighed	2680 Solrød Strand	13	8	7	10	15	9	15	18	10	6	3	2	3	9	7	4	2	8	7	4	8	2	7	10	12	9	6	7	10	7	10	4	8	9	6	9	2	10	14	4	8	10	5	9	8	16	9	2
Solgte boliger	Ejerlejlighed	2690 Karlslunde	..	..	..	..	0	0	0	0	0	1	0	1	0	2	3	1	3	0	0	1	0	0	1	1	0	1	1	1	1	2	0	0	0	2	0	2	1	0	0	1	1	1	0	2	2	1	..	1
Solgte boliger	Ejerlejlighed	2700 Brønshøj	51	69	39	43	60	63	49	46	36	52	26	23	28	27	35	37	23	34	21	14	18	26	24	17	19	22	19	30	13	26	27	23	15	28	27	22	28	17	27	22	41	43	35	60	58	44	49	49
Solgte boliger	Ejerlejlighed	2720 Vanløse	101	80	55	68	95	101	81	67	71	57	40	45	61	75	56	62	53	44	39	25	30	41	44	48	56	52	47	31	47	40	32	36	46	54	62	54	47	66	52	50	62	69	66	82	84	105	82	79
Solgte boliger	Ejerlejlighed	2730 Herlev	16	9	10	3	16	18	11	8	9	10	13	5	7	8	5	10	5	6	6	6	4	6	5	9	5	7	5	7	6	11	7	3	4	6	6	4	9	7	8	10	9	10	10	7	7	8	6	9
Solgte boliger	Ejerlejlighed	2740 Skovlunde	0	0	0	..	..	..	..	1	1	2	1	2	2	1	2	1	0	1	0	0	1	0	0	0	0	1	1	..	0	1	2	0	0	1	..	..	0	0	0	1	..	..	1	0	1	1	1	0
Solgte boliger	Ejerlejlighed	2750 Ballerup	9	11	12	7	7	8	10	7	8	7	13	5	8	9	8	2	9	2	3	5	5	3	3	6	4	7	7	9	8	14	5	7	5	7	12	9	8	6	7	8	9	14	10	10	11	6	5	13
Solgte boliger	Ejerlejlighed	2760 Måløv	0	0	0	1	4	2	1	3	3	3	1	8	3	1	1	11	1	4	2	1	2	3	2	3	2	1	3	2	6	5	2	3	2	1	5	2	6	3	1	2	7	3	7	3	13	6	10	8
Solgte boliger	Ejerlejlighed	2765 Smørum	6	5	6	8	4	4	6	4	4	2	3	5	5	4	2	5	5	4	4	2	6	5	5	7	2	2	5	5	3	0	3	5	4	4	7	5	4	4	10	3	5	9	3	8	14	6	8	9
Solgte boliger	Ejerlejlighed	2770 Kastrup	24	28	16	29	29	33	27	23	44	18	14	13	24	23	21	31	26	26	15	7	14	16	13	20	19	24	16	20	19	11	6	15	17	25	29	22	15	21	28	23	21	31	30	39	34	36	38	35
Solgte boliger	Ejerlejlighed	2791 Dragør	2	7	2	6	6	10	2	0	1	2	3	2	0	3	3	2	1	1	1	2	3	0	0	5	4	2	5	6	2	5	4	2	2	4	2	8	7	5	3	4	8	5	2	2	7	10	1	9
Solgte boliger	Ejerlejlighed	2800 Kgs.Lyngby	34	44	32	38	45	70	45	51	49	45	25	31	35	54	41	38	36	33	39	18	33	47	26	35	35	32	42	35	38	26	32	39	34	33	41	39	35	48	47	42	45	52	62	57	65	78	58	49
Solgte boliger	Ejerlejlighed	2820 Gentofte	41	34	29	27	46	46	49	43	42	28	24	25	29	30	31	18	26	20	14	14	18	19	34	26	29	30	24	15	25	25	20	15	23	27	23	27	26	30	23	26	30	30	34	41	28	34	47	44
Solgte boliger	Ejerlejlighed	2830 Virum	16	18	17	24	25	24	21	17	10	14	14	8	8	12	14	9	16	18	16	9	10	9	9	13	12	17	17	9	22	21	13	15	13	20	20	11	19	20	19	19	19	19	18	22	22	26	26	22
Solgte boliger	Ejerlejlighed	2840 Holte	15	18	20	20	30	22	18	18	18	15	10	9	11	9	10	13	16	16	8	11	3	11	8	21	16	14	11	22	12	16	11	11	13	15	11	15	17	19	22	19	16	16	17	22	38	33	19	17
Solgte boliger	Ejerlejlighed	2850 Nærum	8	10	7	12	10	11	12	5	12	10	5	4	3	4	8	4	8	7	3	4	6	5	5	4	8	7	8	9	15	8	4	6	6	14	7	10	3	12	10	9	11	7	12	11	12	9	5	8
Solgte boliger	Ejerlejlighed	2860 Søborg	36	35	32	31	45	47	48	44	41	30	19	33	20	24	21	26	20	21	24	16	17	10	9	17	18	25	23	20	24	20	26	23	24	29	37	32	36	36	33	36	39	54	48	48	67	65	63	63
Solgte boliger	Ejerlejlighed	2870 Dyssegård	14	23	10	13	19	21	11	8	18	15	4	14	8	8	14	16	10	8	8	4	7	7	16	5	12	10	12	10	8	12	10	11	15	20	18	10	9	9	10	19	17	22	13	15	26	29	19	19
Solgte boliger	Ejerlejlighed	2880 Bagsværd	11	18	11	10	14	17	8	16	12	12	1	8	9	9	15	8	14	10	10	7	11	6	2	10	8	9	8	17	13	9	7	7	8	13	15	12	8	8	7	13	19	22	13	16	21	27	21	25
Solgte boliger	Ejerlejlighed	2900 Hellerup	57	61	36	62	70	68	51	48	52	45	37	24	32	58	43	38	53	48	32	30	37	35	44	57	51	45	52	58	37	38	33	44	53	44	45	42	42	52	43	49	61	57	69	52	59	64	46	49
Solgte boliger	Ejerlejlighed	2920 Charlottenlund	74	77	47	50	73	74	73	67	52	46	34	30	29	29	49	29	38	38	34	14	33	35	33	40	40	37	39	37	40	41	30	32	38	45	37	36	44	51	44	45	52	43	56	53	66	70	62	53
Solgte boliger	Ejerlejlighed	2930 Klampenborg	1	7	3	3	3	6	4	7	2	6	3	6	1	4	3	3	3	4	2	1	0	6	6	3	5	2	3	1	2	3	4	2	3	1	3	1	4	6	6	5	1	8	2	3	6	6	10	5
Solgte boliger	Ejerlejlighed	2942 Skodsborg	5	7	4	7	9	10	8	5	6	7	3	6	5	6	3	6	7	2	2	0	2	6	2	3	4	4	6	7	6	1	1	2	5	4	9	4	2	6	3	4	5	9	9	4	16	8	5	13
Solgte boliger	Ejerlejlighed	2950 Vedbæk	1	2	2	1	3	1	4	5	0	1	2	0	1	1	0	1	0	3	0	0	2	0	0	1	0	1	2	2	3	1	0	0	0	3	0	1	0	1	3	4	1	1	1	2	3	2	3	2
Solgte boliger	Ejerlejlighed	2960 Rungsted Kyst	2	3	3	2	9	2	2	3	3	3	2	3	3	1	2	2	0	0	2	0	2	1	5	2	1	2	0	3	1	1	3	3	2	8	3	2	3	1	5	4	2	2	5	0	1	6	4	3
Solgte boliger	Ejerlejlighed	2970 Hørsholm	16	14	22	14	40	20	23	18	23	27	12	13	18	17	16	13	9	21	8	4	6	11	8	11	10	13	9	11	11	11	7	10	8	11	13	14	9	20	21	13	16	21	14	21	21	19	26	13
Solgte boliger	Ejerlejlighed	2980 Kokkedal	7	12	11	13	17	12	13	16	10	10	9	6	13	11	4	5	6	11	1	7	6	7	10	8	7	7	2	6	11	14	6	6	9	3	3	9	3	6	6	7	2	6	7	12	4	12	9	15
Solgte boliger	Ejerlejlighed	2990 Nivå	3	5	4	1	5	6	7	3	6	2	6	0	1	2	6	1	3	9	2	1	2	0	1	1	0	1	3	2	0	3	0	0	1	3	3	2	1	3	2	0	4	3	4	1	7	5	3	4
Solgte boliger	Ejerlejlighed	3000 Helsingør	55	55	28	68	48	47	52	58	56	45	46	39	36	46	45	36	49	36	28	24	27	18	40	20	35	23	25	22	19	19	21	22	19	19	20	20	22	23	23	26	33	33	20	24	33	51	40	48
Solgte boliger	Ejerlejlighed	3050 Humlebæk	16	13	12	14	14	4	18	15	21	9	3	6	11	13	3	15	8	8	3	4	5	9	6	2	2	8	2	6	4	4	4	3	2	10	7	2	2	7	8	2	5	3	6	4	7	4	9	7
Solgte boliger	Ejerlejlighed	3060 Espergærde	11	16	17	18	12	23	7	10	20	17	5	12	14	12	9	13	11	10	6	6	10	7	11	11	7	8	9	12	5	7	2	4	9	6	10	7	5	4	6	9	6	10	8	12	10	13	13	7
Solgte boliger	Ejerlejlighed	3070 Snekkersten	5	4	3	3	4	8	8	3	3	4	3	2	1	2	1	1	1	1	0	1	2	1	1	2	1	1	0	2	0	3	0	2	0	3	3	1	1	2	0	2	1	2	7	4	5	3	2	1
Solgte boliger	Ejerlejlighed	3080 Tikøb	0	1	..	0	2	..	..	0	3	..	..	..	..	..	..	..	..	..	..	..	..	..	..	..	0	0	0	0	0	0	0	0	0	0	0	1	0	0	0	0	0	0	1	..	..	..	..	..
Solgte boliger	Ejerlejlighed	3100 Hornbæk	3	3	1	3	2	4	4	2	4	1	0	2	3	1	0	1	1	1	1	0	0	0	4	1	1	1	2	1	1	0	4	0	0	3	1	1	1	1	0	0	1	2	2	2	1	1	3	0
Solgte boliger	Ejerlejlighed	3120 Dronningmølle	..	..	..	..	0	0	2	1	..	0	..	..	..	..	..	..	0	0	0	0	0	0	0	0	..	..	..	0	0	0	2	..	..	..	0	..	0	1	2	0	..	0	1	0	0	0	0	0
Solgte boliger	Ejerlejlighed	3140 Ålsgårde	1	2	1	..	2	1	1	1	1	1	0	1	1	0	0	0	0	1	0	0	0	0	2	2	1	1	1	1	0	0	0	0	1	0	0	1	0	1	0	0	0	0	1	0	0	2	2	..
Solgte boliger	Ejerlejlighed	3150 Hellebæk	1	0	1	1	0	0	1	..	..	..	..	..	..	..	0	1	0	0	0	0	0	0	1	0	0	0	0	1	1	0	0	1	0	1	0	0	0	1	1	1	1	0	0	0	1	0	2	0
Solgte boliger	Ejerlejlighed	3200 Helsinge	7	8	5	4	10	5	7	8	4	4	5	4	1	3	5	2	6	3	5	5	1	7	2	0	1	3	3	2	4	2	2	4	2	4	4	5	1	3	2	5	4	1	5	1	3	6	4	4
Solgte boliger	Ejerlejlighed	3210 Vejby	1	1	0	0	1	1	3	2	1	0	0	1	1	1	1	2	2	2	1	1	0	..	..	..	1	..	..	..	..	..	..	..	..	0	0	0	1	..	..	0	1	1	0	..	..	..	..	..
Solgte boliger	Ejerlejlighed	3220 Tisvildeleje	1	1	0	0	5	6	4	2	1	3	4	2	0	0	2	0	2	1	0	1	0	5	0	0	3	0	1	..	1	0	3	1	0	1	0	0	0	0	2	0	1	0	2	0	2	1	2	2
Solgte boliger	Ejerlejlighed	3230 Græsted	1	1	1	4	0	2	0	1	4	1	1	3	1	0	0	1	1	3	1	0	1	1	1	0	0	1	2	1	3	1	0	0	0	1	0	0	1	0	0	1	0	1	1	0	0	1	1	1
Solgte boliger	Ejerlejlighed	3250 Gilleleje	5	4	1	1	1	2	3	0	1	0	1	1	0	2	1	1	2	0	1	1	2	0	0	0	1	1	0	2	0	4	0	3	1	1	1	1	1	1	3	1	0	0	1	1	5	4	4	0
Solgte boliger	Ejerlejlighed	3300 Frederiksværk	4	1	2	5	5	9	4	8	16	12	9	6	7	7	10	5	4	8	3	2	6	4	5	4	3	1	6	4	2	2	0	2	1	3	1	1	3	3	7	3	2	2	4	1	3	8	5	4
Solgte boliger	Ejerlejlighed	3310 Ølsted	..	..	..	..	..	..	..	..	..	..	..	..	..	..	..	..	..	..	..	..	..	..	..	..	..	..	..	..	..	..	..	..	..	..	..	..	..	..	..	..	..	..	..	..	..	..	..	..
Solgte boliger	Ejerlejlighed	3320 Skævinge	..	..	0	0	2	1	6	0	3	0	1	1	1	2	0	0	0	1	0	0	0	0	0	0	0	0	0	0	0	1	0	0	1	0	1	0	0	0	1	0	0	0	1	0	0	0	0	..
Solgte boliger	Ejerlejlighed	3330 Gørløse	..	..	..	..	..	0	0	..	1	..	..	..	..	..	..	..	..	..	..	..	..	..	..	..	..	..	..	..	..	..	..	..	..	..	..	..	..	..	..	..	..	..	..	..	..	..	..	..
Solgte boliger	Fritidshus	1000-1499 Kbh.K.	..	..	..	..	..	..	..	..	..	..	..	..	..	..	..	..	..	..	..	..	..	..	..	..	..	..	..	..	..	..	..	0	0	0	..	..	..	..	..	..	..	..	..	..	..	..	..	..
Solgte boliger	Fritidshus	1500-1799 Kbh.V.	..	..	..	..	..	..	..	..	..	..	..	..	..	..	..	..	..	..	..	..	..	..	..	..	..	..	..	..	..	..	..	..	..	..	..	..	..	..	..	..	..	..	..	..	..	..	..	..
Solgte boliger	Fritidshus	1800-1999 Frederiksberg C	..	..	..	..	..	..	..	..	..	..	..	..	..	..	..	..	..	..	..	..	..	..	..	..	..	..	..	..	..	..	..	..	..	..	..	..	..	..	..	0	0	0	0	..	..	..	..	..
Solgte boliger	Fritidshus	2000 Frederiksberg	..	..	..	..	..	..	..	..	..	..	..	..	..	..	..	..	..	..	..	..	..	..	..	..	..	..	..	..	..	..	..	..	..	..	..	..	..	..	..	0	0	0	0	..	..	..	..	..
Solgte boliger	Fritidshus	2100 København Ø	..	..	..	..	..	..	0	..	..	..	..	..	..	..	..	..	..	..	..	..	..	..	..	..	..	..	..	..	..	..	..	..	..	..	..	..	..	..	..	..	..	..	..	..	..	..	..	..
Solgte boliger	Fritidshus	2150 Nordhavn	..	..	..	..	..	..	..	..	..	..	..	..	..	..	..	..	..	..	..	..	..	..	..	..	..	..	..	..	..	..	..	..	..	..	..	..	..	..	..	..	..	..	..	..	..	..	..	..
Solgte boliger	Fritidshus	2200 København N	..	..	..	..	..	..	..	..	..	..	..	..	..	..	..	..	..	..	..	..	..	..	..	..	..	..	..	..	..	..	..	..	..	..	..	..	..	..	..	..	..	..	..	..	..	..	..	..
Solgte boliger	Fritidshus	2300 København S	0	0	0	0	0	0	0	0	0	..	..	0	0	0	0	0	1	0	0	0	0	0	..	..	..	0	1	0	0	0	0	0	0	0	0	0	0	0	0	0	0	0	0	0	0	0	..	..
Solgte boliger	Fritidshus	2400 København NV	..	..	..	..	..	..	..	..	..	..	..	..	..	..	..	..	..	..	..	..	..	..	..	..	..	..	..	..	..	..	..	..	..	..	..	..	..	..	..	..	..	..	..	..	..	..	..	..
Solgte boliger	Fritidshus	2450 København SV	..	..	..	..	..	..	..	..	..	..	..	..	..	..	..	..	..	..	..	..	..	..	..	..	..	..	..	..	..	..	..	..	..	..	0	0	..	0	0	..	..	..	..	..	..	..	..	..
Solgte boliger	Fritidshus	2500 Valby	..	..	..	..	..	..	..	..	..	..	..	..	..	..	..	..	..	..	..	..	..	..	..	..	..	..	..	..	..	..	..	..	..	..	..	..	..	..	..	..	..	..	..	..	..	..	0	..
Solgte boliger	Fritidshus	2600 Glostrup	..	..	0	..	..	0	0	0	0	0	0	0	0	..	..	..	..	..	..	..	..	..	..	..	..	..	..	..	..	..	0	0	0	0	0	0	0	0	0	0	0	0	0	0	0	..	..	..
Solgte boliger	Fritidshus	2605 Brøndby	0	0	..	..	..	..	..	..	..	..	..	..	..	..	..	..	..	..	..	..	..	..	..	..	..	..	..	..	..	..	..	..	..	..	..	..	..	..	..	..	..	..	..	..	..	..	..	..
Solgte boliger	Fritidshus	2610 Rødovre	..	..	..	..	..	0	0	..	..	..	0	0	0	0	..	..	..	..	..	..	..	..	..	..	..	..	..	..	0	0	0	0	0	0	0	0	0	0	0	0	0	0	0	0	0	0	0	0
Solgte boliger	Fritidshus	2620 Albertslund	..	..	..	..	..	..	..	..	..	..	..	..	..	..	..	..	..	..	..	..	..	..	..	..	..	..	..	..	..	..	..	..	..	..	..	..	..	..	..	..	..	..	..	..	..	..	..	..
Solgte boliger	Fritidshus	2625 Vallensbæk	..	..	..	..	..	..	..	..	..	..	..	..	..	..	..	..	..	..	..	..	..	..	..	..	..	..	..	..	..	..	..	..	..	..	..	..	..	..	..	..	..	..	..	..	..	..	..	..
Solgte boliger	Fritidshus	2630 Taastrup	2	0	1	1	0	2	1	1	1	1	0	0	0	0	0	0	0	0	0	0	1	0	0	0	2	0	1	0	0	1	1	0	0	0	1	0	0	0	0	0	0	1	1	0	0	3	1	0
Solgte boliger	Fritidshus	2635 Ishøj	0	0	0	0	0	0	0	..	..	..	..	..	..	..	..	..	..	..	..	..	..	..	..	0	0	0	0	..	..	..	..	..	..	..	1	0	0	0	..	..	..	..	1	..	..	..	..	..
Solgte boliger	Fritidshus	2640 Hedehusene	0	0	0	0	0	0	0	0	0	0	0	0	0	0	0	0	0	0	0	0	0	0	0	0	0	0	0	0	0	0	0	0	0	0	0	0	0	0	0	0	0	0	0	0	0	0	0	0
Solgte boliger	Fritidshus	2650 Hvidovre	0	0	0	0	1	2	1	..	..	..	..	1	0	0	4	0	0	2	1	0	1	0	1	0	0	0	2	0	0	1	1	0	0	2	0	0	2	2	3	1	0	1	1	0	2	2	4	1
Solgte boliger	Fritidshus	2660 Brøndby Strand	..	..	..	..	..	..	..	..	..	..	..	..	..	..	..	..	..	..	..	..	..	..	..	..	..	..	..	..	..	..	..	..	..	..	..	..	..	..	..	..	..	..	..	..	..	..	..	..
Solgte boliger	Fritidshus	2665 Vallensbæk Strand	..	..	..	..	..	0	0	..	..	..	..	..	..	..	..	..	..	..	..	..	..	..	..	..	..	..	..	..	..	0	0	1	0	0	0	0	0	0	..	..	..	..	..	..	..	..	..	..
Solgte boliger	Fritidshus	2670 Greve	0	0	1	..	..	..	..	..	..	..	..	..	..	..	..	..	..	..	..	0	0	1	2	2	..	0	1	1	2	0	0	0	2	2	..	..	..	..	..	0	0	1	0	..	..	..	..	..
Solgte boliger	Fritidshus	2680 Solrød Strand	..	1	0	0	..	0	1	0	0	..	..	..	..	..	..	..	0	2	1	2	0	1	2	2	0	1	1	0	1	1	0	1	0	0	2	0	2	1	0	..	..	0	0	0	2	1	0	0
Solgte boliger	Fritidshus	2690 Karlslunde	..	..	..	..	..	..	..	..	..	..	..	..	..	..	..	..	..	0	0	0	0	0	1	0	1	0	..	..	..	..	..	..	..	..	..	..	0	1	..	..	..	1	1	..	..	..	..	..
Solgte boliger	Fritidshus	2700 Brønshøj	..	..	..	..	..	..	0	0	..	..	..	..	..	..	..	..	..	..	..	..	..	0	0	..	..	..	..	..	..	..	..	..	..	..	..	..	..	..	..	..	..	0	..	0	0	0	..	..
Solgte boliger	Fritidshus	2720 Vanløse	..	..	..	..	..	..	..	..	..	..	..	..	..	..	..	..	..	..	..	..	..	..	..	..	..	..	..	..	..	..	..	..	..	..	..	..	..	..	..	..	..	..	..	..	..	..	..	..
Solgte boliger	Fritidshus	2730 Herlev	..	..	0	0	0	..	0	0	..	..	..	0	0	0	..	0	1	..	..	0	0	..	0	0	0	0	0	..	..	..	0	0	..	0	0	1	0	1	0	0	0	0	0	1	0	0	0	0
Solgte boliger	Fritidshus	2740 Skovlunde	0	0	0	0	0	0	0	0	0	0	0	0	0	0	0	0	0	0	0	0	0	0	0	0	0	0	0	0	0	0	0	0	0	0	0	0	0	0	0	0	0	0	0	0	0	0	0	0
Solgte boliger	Fritidshus	2750 Ballerup	0	0	0	0	1	0	0	0	0	0	1	0	0	1	0	3	0	0	0	0	0	0	0	0	0	1	1	0	0	0	0	0	0	0	0	0	2	1	0	0	0	0	0	0	1	1	0	0
Solgte boliger	Fritidshus	2760 Måløv	..	..	..	..	..	..	..	..	..	..	..	..	..	..	..	..	..	..	..	..	..	..	..	..	..	..	..	..	..	..	..	..	..	..	..	..	..	..	..	..	..	..	..	..	..	..	..	..
Solgte boliger	Fritidshus	2765 Smørum	..	..	..	..	..	..	..	..	..	..	..	..	..	..	..	..	..	..	..	..	..	..	..	..	..	..	..	..	..	0	0	0	0	0	0	0	..	0	..	..	..	..	..	..	..	..	..	..
Solgte boliger	Fritidshus	2770 Kastrup	0	0	0	0	0	0	0	0	0	0	0	0	0	1	0	0	0	0	2	0	0	0	1	0	0	0	0	0	0	0	1	0	0	0	2	0	1	0	0	0	..	..	0	0	0	0	0	0
Solgte boliger	Fritidshus	2791 Dragør	0	0	0	1	..	1	1	1	2	0	0	1	0	0	1	1	1	0	1	2	0	1	0	0	3	1	1	0	1	0	3	2	2	1	0	2	0	1	2	2	1	0	0	0	0	1	0	1
Solgte boliger	Fritidshus	2800 Kgs.Lyngby	..	..	..	..	..	..	..	..	..	..	..	..	..	..	..	..	..	..	..	..	..	..	..	..	..	..	..	..	..	0	1	..	..	..	..	..	..	..	..	0	0	..	0	..	..	..	..	..
Solgte boliger	Fritidshus	2820 Gentofte	..	..	..	..	..	..	..	..	..	..	..	..	..	..	..	..	..	..	..	..	..	..	..	..	..	..	..	..	..	..	..	..	..	..	..	..	..	..	..	..	..	..	..	..	..	..	..	..
Solgte boliger	Fritidshus	2830 Virum	..	..	..	..	..	..	..	..	..	..	..	..	..	..	..	..	..	..	..	..	..	..	..	..	..	..	..	..	..	..	..	..	..	..	..	..	..	..	..	..	..	..	..	..	..	..	..	..
Solgte boliger	Fritidshus	2840 Holte	..	..	..	..	..	..	..	..	..	..	..	..	..	..	..	..	..	..	..	..	..	..	..	..	..	0	0	0	1	..	..	..	..	..	..	..	..	0	0	0	0	0	0	..	..	..	..	..
Solgte boliger	Fritidshus	2850 Nærum	..	..	..	..	..	..	..	..	..	..	..	..	..	..	..	..	..	..	..	..	..	..	..	..	..	..	..	..	..	..	..	..	..	..	..	..	..	..	..	..	..	..	..	..	..	..	..	..
Solgte boliger	Fritidshus	2860 Søborg	0	0	..	..	..	..	..	..	..	..	..	..	..	..	..	..	..	..	..	..	..	..	..	..	..	..	..	..	..	..	..	..	..	..	..	..	..	..	..	..	..	..	..	..	..	..	..	..
Solgte boliger	Fritidshus	2870 Dyssegård	..	..	..	..	..	..	..	..	..	..	..	..	..	..	..	..	..	..	..	..	..	..	..	..	..	..	..	..	..	..	..	..	..	..	..	..	..	..	..	..	..	..	..	..	..	..	..	..
Solgte boliger	Fritidshus	2880 Bagsværd	..	..	..	..	..	..	..	..	..	..	..	..	..	..	..	..	..	..	..	..	..	..	..	..	..	..	..	..	..	..	..	..	0	..	..	..	..	..	..	..	..	..	..	..	..	..	..	..
Solgte boliger	Fritidshus	2900 Hellerup	..	..	..	..	..	..	..	..	..	..	..	..	..	..	..	..	..	..	..	..	..	..	..	..	..	..	..	..	..	..	..	..	..	..	..	..	..	..	..	..	..	..	..	..	..	..	..	..
Solgte boliger	Fritidshus	2920 Charlottenlund	..	..	..	..	..	..	..	..	..	..	..	..	..	..	..	..	..	..	..	..	..	..	..	..	..	..	..	..	..	..	..	..	..	..	..	..	..	..	..	..	..	..	..	..	..	..	..	..
Solgte boliger	Fritidshus	2930 Klampenborg	..	..	..	..	..	..	..	..	..	..	..	..	..	..	..	..	..	..	..	..	..	..	..	..	..	..	..	..	..	0	0	0	0	0	0	1	0	0	0	0	0	1	..	..	..	..	..	..
Solgte boliger	Fritidshus	2942 Skodsborg	..	..	..	..	..	..	..	..	..	..	..	..	..	..	..	..	..	..	..	..	..	..	..	..	..	..	..	..	..	..	..	..	..	..	..	..	..	..	..	..	..	..	..	..	..	..	..	..
Solgte boliger	Fritidshus	2950 Vedbæk	..	..	..	..	..	..	..	..	..	..	..	..	..	..	..	..	..	..	0	0	1	0	0	0	0	..	..	..	..	..	..	..	..	..	..	..	1	0	0	0	0	1	0	..	..	..	..	..
Solgte boliger	Fritidshus	2960 Rungsted Kyst	..	0	0	0	0	..	..	..	..	..	..	..	..	..	..	..	..	..	..	..	0	0	..	..	..	..	..	..	..	..	..	..	..	..	..	..	..	..	..	..	..	..	..	..	..	..	..	..
Solgte boliger	Fritidshus	2970 Hørsholm	0	3	1	1	0	1	1	1	1	1	0	0	3	1	2	1	2	1	1	1	0	1	3	1	1	1	0	2	0	1	0	0	0	0	0	0	0	3	4	2	0	1	2	1	2	2	3	1
Solgte boliger	Fritidshus	2980 Kokkedal	..	..	..	..	..	..	..	..	..	..	..	..	..	..	..	..	..	..	..	..	..	..	..	..	..	..	0	1	..	..	..	..	..	..	..	..	..	..	..	..	..	..	..	..	..	..	..	..
Solgte boliger	Fritidshus	2990 Nivå	..	..	..	..	..	..	..	..	..	..	..	..	..	..	0	..	..	..	..	..	..	..	..	..	..	..	..	..	..	..	..	..	..	..	..	..	..	0	0	0	0	0	0	0	0	0	0	0
Solgte boliger	Fritidshus	3000 Helsingør	..	0	0	0	0	1	..	0	0	0	1	0	1	0	0	0	0	1	0	0	0	0	0	0	0	0	0	0	0	0	0	0	0	0	0	1	0	0	0	1	0	1	0	0	0	0	0	1
Solgte boliger	Fritidshus	3050 Humlebæk	0	..	..	..	..	..	..	..	..	..	..	..	0	0	0	..	..	0	0	2	0	0	0	1	..	..	..	..	1	0	1	..	0	0	0	0	0	0	1	0	0	0	0	1	0	0	1	0
Solgte boliger	Fritidshus	3060 Espergærde	..	..	..	..	..	..	..	..	..	..	..	..	..	..	..	..	..	..	..	..	..	..	..	..	..	..	0	0	0	2	0	..	..	..	..	..	..	0	0	1	0	1	1	0	0	..	..	..
Solgte boliger	Fritidshus	3070 Snekkersten	..	..	..	..	..	..	..	..	0	0	0	0	0	..	..	..	..	..	..	..	..	..	..	..	..	..	..	..	..	..	..	..	..	0	0	0	..	..	..	..	..	..	..	..	..	..	..	0
Solgte boliger	Fritidshus	3080 Tikøb	1	5	4	4	4	7	6	3	6	5	5	2	1	7	4	1	3	4	2	2	0	1	1	2	1	1	3	0	0	4	4	0	5	0	4	2	1	0	7	0	0	3	4	1	2	4	4	4
Solgte boliger	Fritidshus	3100 Hornbæk	34	29	8	18	18	31	30	18	23	23	21	12	16	21	22	11	7	12	9	6	12	19	18	12	14	18	15	14	18	9	13	12	11	21	20	19	15	15	15	8	13	21	22	17	24	36	30	13
Solgte boliger	Fritidshus	3120 Dronningmølle	19	24	18	17	15	36	20	11	7	24	14	10	10	16	19	10	6	12	6	4	9	15	14	13	8	11	14	7	7	8	7	7	10	15	13	9	11	18	11	8	12	19	23	7	13	26	17	18
Solgte boliger	Fritidshus	3140 Ålsgårde	0	0	1	1	1	2	0	1	0	0	..	..	0	0	1	0	0	..	..	0	1	0	1	0	0	0	0	0	0	0	0	0	2	0	0	1	0	2	1	0	1	0	2	1	0	1	1	0
Solgte boliger	Fritidshus	3150 Hellebæk	..	..	..	..	..	..	..	..	..	..	..	..	..	..	..	..	..	..	0	0	0	0	0	0	0	1	..	..	..	..	..	..	..	..	..	..	..	..	..	..	0	0	1	..	..	..	..	..
Solgte boliger	Fritidshus	3200 Helsinge	1	3	1	1	3	5	7	2	1	3	2	1	3	3	0	5	0	0	4	1	0	2	1	1	0	0	2	2	2	1	2	2	0	0	0	1	1	1	1	0	0	3	3	2	1	5	5	1
Solgte boliger	Fritidshus	3210 Vejby	42	56	26	29	37	74	40	28	46	41	31	22	17	42	25	18	18	24	22	13	15	45	32	25	14	31	31	26	20	29	39	14	20	32	38	18	19	40	47	27	34	48	36	23	33	55	50	30
Solgte boliger	Fritidshus	3220 Tisvildeleje	7	12	3	1	7	11	7	2	8	6	13	9	6	11	10	5	4	7	6	6	3	7	10	13	7	10	7	10	8	13	7	4	6	22	14	9	10	14	15	12	5	11	15	10	11	23	15	7
Solgte boliger	Fritidshus	3230 Græsted	18	24	8	24	20	37	33	20	26	27	13	15	20	14	15	9	12	17	10	3	4	16	13	13	5	13	14	7	10	8	9	1	5	11	13	10	7	12	17	12	18	17	19	10	12	25	11	9
Solgte boliger	Fritidshus	3250 Gilleleje	27	64	29	34	43	60	70	32	39	54	31	14	12	33	39	19	18	36	25	12	11	35	40	26	27	35	41	24	19	27	28	22	15	24	31	26	25	37	41	16	20	41	44	34	22	48	51	30
Solgte boliger	Fritidshus	3300 Frederiksværk	25	31	34	24	24	42	29	17	19	25	16	9	16	36	17	9	16	16	7	7	9	21	16	16	18	18	23	18	18	22	19	5	15	28	22	21	16	26	29	21	16	33	26	19	20	31	30	23
Solgte boliger	Fritidshus	3310 Ølsted	14	18	14	13	13	39	22	22	18	25	11	12	9	12	14	4	8	18	13	6	6	13	11	3	7	14	8	10	4	9	10	1	8	7	10	3	5	15	7	6	9	19	8	6	11	19	14	11
Solgte boliger	Fritidshus	3320 Skævinge	..	..	..	..	..	..	..	..	..	..	0	0	1	0	0	..	..	0	0	0	0	0	0	0	0	0	..	..	..	..	..	..	..	..	..	..	..	0	0	0	0	0	0	0	0	..	..	..
Solgte boliger	Fritidshus	3330 Gørløse	..	..	..	..	..	..	..	..	..	..	..	..	..	..	..	..	..	..	..	..	..	..	..	..	..	..	..	..	..	..	..	..	..	..	..	..	..	..	..	..	..	..	..	..	..	..	..	..
Boliger til salg, ultimo	Parcel-/rækkehus	1000-1499 Kbh.K.	1	4	3	4	5	4	2	0	1	4	3	3	5	5	6	6	4	5	6	4	5	5	4	5	8	6	7	8	12	12	11	14	11	10	8	9	13	3	4	4	5	6	7	5	4	9	25	22
Boliger til salg, ultimo	Parcel-/rækkehus	1500-1799 Kbh.V.	1	1	2	2	2	1	1	1	0	4	1	1	3	4	2	5	5	3	4	5	4	1	1	0	..	2	3	0	1	0	1	3	1	1	1	0	1	2	3	2	4	1	0	..	1	3	1	0
Boliger til salg, ultimo	Parcel-/rækkehus	1800-1999 Frederiksberg C	4	3	2	3	1	2	6	3	1	4	5	5	3	3	3	5	6	8	13	13	11	8	4	1	1	7	5	3	8	4	4	4	5	5	5	8	6	7	6	2	4	3	2	4	5	3	2	2
Boliger til salg, ultimo	Parcel-/rækkehus	2000 Frederiksberg	24	9	31	18	14	18	18	15	15	31	38	41	44	39	44	40	46	44	44	42	42	38	30	29	21	16	17	19	25	43	36	36	36	44	42	38	33	28	32	34	36	29	35	26	28	31	33	21
Boliger til salg, ultimo	Parcel-/rækkehus	2100 København Ø	15	14	12	11	10	4	6	6	7	21	33	37	43	38	35	34	33	47	50	47	39	33	17	18	23	26	25	22	23	34	30	31	33	27	13	9	13	16	13	10	14	21	19	17	21	21	15	15
Boliger til salg, ultimo	Parcel-/rækkehus	2150 Nordhavn	..	..	..	..	..	..	..	..	..	..	..	..	..	..	..	..	..	..	..	..	..	..	..	..	..	..	..	..	..	..	..	..	..	..	..	..	..	..	..	..	..	7	4	10	2	0	..	..
Boliger til salg, ultimo	Parcel-/rækkehus	2200 København N	..	1	0	2	0	..	..	..	..	..	..	..	1	1	4	0	..	..	..	..	..	..	..	..	..	..	..	..	..	..	..	..	..	1	1	1	0	0	..	..	..	..	0	1	1	1	0	0
Boliger til salg, ultimo	Parcel-/rækkehus	2300 København S	66	52	45	51	65	36	29	42	61	85	93	108	135	132	141	139	144	140	155	163	145	122	103	90	94	92	83	84	108	169	176	180	148	168	155	160	134	130	121	109	117	149	150	117	121	127	140	150
Boliger til salg, ultimo	Parcel-/rækkehus	2400 København NV	18	5	8	11	11	14	16	20	16	25	32	38	42	42	43	45	35	39	36	28	21	18	9	6	18	27	19	13	19	32	32	28	31	39	35	29	28	22	24	13	13	12	10	22	19	22	24	21
Boliger til salg, ultimo	Parcel-/rækkehus	2450 København SV	..	..	..	2	2	1	1	0	..	..	..	..	1	1	2	2	1	0	..	1	0	1	0	1	1	4	1	1	0	..	2	0	1	4	1	3	2	1	2	1	1	0	0	..	0	0	..	..
Boliger til salg, ultimo	Parcel-/rækkehus	2500 Valby	44	34	32	35	24	36	31	41	41	70	86	99	126	96	116	125	102	86	113	106	88	85	68	59	53	65	69	70	75	101	94	71	59	65	64	70	78	61	56	53	66	65	61	56	51	51	62	59
Boliger til salg, ultimo	Parcel-/rækkehus	2600 Glostrup	51	31	26	29	18	24	30	29	28	59	72	95	109	88	107	115	133	135	140	120	114	92	73	46	55	67	67	70	102	112	106	92	102	124	115	87	75	71	70	71	72	96	95	76	76	59	48	50
Boliger til salg, ultimo	Parcel-/rækkehus	2605 Brøndby	16	18	16	19	17	15	17	23	32	40	50	48	58	71	64	65	70	65	64	65	57	43	38	39	41	35	37	44	46	53	69	73	68	74	64	56	69	63	40	42	51	56	39	45	40	33	33	44
Boliger til salg, ultimo	Parcel-/rækkehus	2610 Rødovre	66	45	42	51	49	37	22	46	54	105	157	151	151	148	141	124	124	130	131	124	117	116	93	84	95	84	100	107	110	151	176	151	122	127	126	113	123	112	112	92	115	100	94	81	100	85	106	115
Boliger til salg, ultimo	Parcel-/rækkehus	2620 Albertslund	25	15	21	22	6	18	30	24	14	16	29	52	86	86	89	82	72	88	82	75	57	48	40	39	39	33	40	37	47	81	83	59	45	40	37	55	55	57	52	37	37	33	31	39	37	27	21	27
Boliger til salg, ultimo	Parcel-/rækkehus	2625 Vallensbæk	7	13	11	6	4	4	3	1	6	14	24	30	33	37	39	33	31	25	36	33	20	22	22	14	18	20	17	17	22	27	31	26	30	27	19	17	16	17	24	26	30	35	24	22	20	14	14	19
Boliger til salg, ultimo	Parcel-/rækkehus	2630 Taastrup	82	72	54	53	46	33	32	63	72	117	130	152	163	167	158	174	190	184	170	165	137	120	98	99	112	124	136	141	148	163	157	139	128	106	93	94	113	104	120	109	134	150	141	125	120	96	101	88
Boliger til salg, ultimo	Parcel-/rækkehus	2635 Ishøj	51	40	38	27	24	21	19	21	19	40	52	86	98	107	109	116	128	119	118	115	99	91	74	73	85	94	90	73	76	85	90	88	102	93	80	64	71	81	81	66	72	79	74	61	42	31	33	33
Boliger til salg, ultimo	Parcel-/rækkehus	2640 Hedehusene	40	58	45	29	22	27	23	29	50	74	78	87	100	106	103	118	111	114	96	82	87	97	89	79	73	83	83	78	92	109	104	100	93	95	87	82	74	78	68	64	73	82	91	81	102	91	80	53
Boliger til salg, ultimo	Parcel-/rækkehus	2650 Hvidovre	103	67	57	50	62	67	49	57	61	115	150	186	226	212	218	221	234	234	257	263	259	227	201	171	193	207	199	174	194	231	245	227	233	219	195	154	181	174	178	169	182	184	161	143	109	110	117	111
Boliger til salg, ultimo	Parcel-/rækkehus	2660 Brøndby Strand	15	14	13	12	13	14	15	14	11	44	57	60	69	73	73	69	72	73	56	55	52	37	35	32	36	34	36	44	52	59	51	49	48	42	43	38	52	43	42	33	26	37	33	35	36	27	25	25
Boliger til salg, ultimo	Parcel-/rækkehus	2665 Vallensbæk Strand	16	10	7	9	12	15	14	15	25	31	52	61	82	77	81	82	75	68	74	69	69	37	31	26	36	41	40	40	39	40	48	54	63	65	51	43	43	49	44	41	42	36	33	35	25	25	35	40
Boliger til salg, ultimo	Parcel-/rækkehus	2670 Greve	138	107	97	89	94	86	66	76	93	158	176	214	238	268	272	274	286	299	301	282	262	245	215	196	183	195	182	172	201	238	232	221	204	191	191	170	171	155	164	151	179	190	172	165	183	146	131	129
Boliger til salg, ultimo	Parcel-/rækkehus	2680 Solrød Strand	67	55	66	61	52	44	47	55	57	84	136	132	149	158	158	158	177	195	201	196	191	171	141	119	126	142	146	155	163	178	178	169	156	164	152	131	139	149	153	134	129	141	122	116	121	133	150	159
Boliger til salg, ultimo	Parcel-/rækkehus	2690 Karlslunde	38	38	41	34	32	26	34	40	63	81	87	92	94	88	90	105	107	113	108	99	92	79	63	64	71	78	77	69	72	92	86	78	69	69	59	50	55	54	62	63	62	77	85	76	85	65	56	55
Boliger til salg, ultimo	Parcel-/rækkehus	2700 Brønshøj	55	51	50	52	54	60	52	67	93	114	111	121	126	140	141	143	147	123	135	137	126	107	86	76	74	86	85	84	105	128	133	112	102	109	91	77	82	102	96	75	66	78	65	57	65	76	80	74
Boliger til salg, ultimo	Parcel-/rækkehus	2720 Vanløse	47	40	38	29	32	22	32	35	40	50	78	91	105	91	102	89	71	66	67	75	83	76	59	59	54	57	63	57	63	92	96	72	68	63	56	47	43	39	41	33	26	45	48	32	24	24	41	44
Boliger til salg, ultimo	Parcel-/rækkehus	2730 Herlev	61	68	49	52	43	36	27	46	59	96	126	160	160	160	168	167	167	164	164	161	147	133	110	87	93	88	93	83	96	131	151	141	151	146	132	111	125	147	130	100	117	127	93	77	81	63	68	76
Boliger til salg, ultimo	Parcel-/rækkehus	2740 Skovlunde	12	23	26	15	15	9	12	10	28	37	40	48	60	64	73	69	65	64	65	56	48	43	57	52	51	45	46	45	45	54	50	48	50	56	54	49	57	57	54	55	63	60	48	40	54	51	42	36
Boliger til salg, ultimo	Parcel-/rækkehus	2750 Ballerup	37	22	17	27	30	24	29	23	35	47	64	68	91	92	105	111	115	113	112	108	93	92	78	63	64	76	72	82	90	107	99	85	74	85	88	83	83	84	73	73	89	89	85	65	64	68	69	71
Boliger til salg, ultimo	Parcel-/rækkehus	2760 Måløv	11	7	5	6	7	2	6	4	10	12	17	23	33	35	33	27	34	24	30	30	29	31	29	17	17	19	15	23	19	28	35	33	25	26	20	17	21	19	15	12	6	9	16	14	20	22	21	19
Boliger til salg, ultimo	Parcel-/rækkehus	2765 Smørum	34	31	13	12	10	11	11	17	20	53	84	90	108	112	119	107	109	104	110	96	95	95	92	76	86	85	81	73	91	97	100	83	82	85	72	57	67	84	87	70	70	66	69	70	87	91	99	89
Boliger til salg, ultimo	Parcel-/rækkehus	2770 Kastrup	95	93	69	55	47	45	28	26	45	87	132	155	180	147	140	150	169	175	193	166	165	148	103	84	109	103	91	91	111	151	149	132	141	123	113	89	105	98	101	88	85	98	89	87	90	76	95	93
Boliger til salg, ultimo	Parcel-/rækkehus	2791 Dragør	53	46	38	33	24	16	16	29	39	43	71	97	119	129	144	137	180	227	231	234	208	185	163	144	144	155	154	146	165	191	194	188	189	166	145	114	119	123	124	114	132	136	125	107	104	108	106	105
Boliger til salg, ultimo	Parcel-/rækkehus	2800 Kgs.Lyngby	67	47	43	63	39	41	47	52	61	114	135	152	154	159	157	157	159	177	168	157	145	140	120	92	129	125	93	94	122	132	155	154	129	155	146	104	133	131	108	96	102	136	137	110	78	90	90	100
Boliger til salg, ultimo	Parcel-/rækkehus	2820 Gentofte	34	37	47	42	42	48	33	57	54	92	117	124	146	150	167	135	125	142	135	118	118	100	76	64	73	93	111	104	108	127	116	99	105	106	88	69	85	96	88	78	82	88	88	76	84	101	112	88
Boliger til salg, ultimo	Parcel-/rækkehus	2830 Virum	49	55	51	36	28	27	38	37	39	70	83	98	118	130	128	124	116	129	138	123	101	109	86	61	71	84	64	76	88	113	112	104	107	106	92	81	119	117	112	85	92	120	96	84	72	81	85	87
Boliger til salg, ultimo	Parcel-/rækkehus	2840 Holte	75	68	57	51	40	25	33	34	30	65	101	108	124	156	159	165	166	167	158	158	138	136	129	106	108	135	128	119	155	193	175	155	164	172	153	120	119	141	151	134	126	154	155	127	132	144	155	123
Boliger til salg, ultimo	Parcel-/rækkehus	2850 Nærum	5	15	14	13	12	5	5	8	8	13	17	21	18	24	28	29	33	33	37	36	30	25	17	19	16	17	27	29	24	24	23	22	19	27	29	30	28	32	29	26	30	31	32	24	24	26	23	20
Boliger til salg, ultimo	Parcel-/rækkehus	2860 Søborg	60	46	36	24	19	19	20	40	48	80	88	93	103	108	99	86	86	96	106	105	97	84	56	58	61	66	74	82	84	98	97	95	82	70	69	67	72	70	70	64	83	105	84	64	73	98	98	90
Boliger til salg, ultimo	Parcel-/rækkehus	2870 Dyssegård	9	3	7	7	10	11	10	9	7	17	28	31	23	35	33	26	29	25	22	21	22	17	11	8	9	15	11	9	15	12	12	17	16	15	14	14	14	11	11	8	11	15	11	13	13	9	17	16
Boliger til salg, ultimo	Parcel-/rækkehus	2880 Bagsværd	36	35	30	27	17	24	15	36	47	58	83	87	95	86	87	87	94	92	104	95	83	72	59	55	62	67	59	55	69	91	99	90	93	83	61	62	72	75	77	76	79	81	61	49	63	61	56	57
Boliger til salg, ultimo	Parcel-/rækkehus	2900 Hellerup	57	47	50	32	32	44	37	42	45	76	90	97	120	133	137	144	136	131	119	118	103	100	86	74	84	98	98	93	99	128	121	114	103	117	106	80	87	81	75	81	83	99	102	90	66	78	88	78
Boliger til salg, ultimo	Parcel-/rækkehus	2920 Charlottenlund	61	56	60	53	47	44	48	47	42	70	85	104	111	131	130	123	150	154	165	162	143	151	120	87	100	117	120	106	120	152	149	125	133	138	128	104	105	118	107	102	104	133	128	112	108	114	120	99
Boliger til salg, ultimo	Parcel-/rækkehus	2930 Klampenborg	18	31	25	18	17	14	21	14	10	14	20	27	40	45	45	38	40	48	49	54	50	63	59	61	59	55	49	52	52	68	64	52	51	47	50	36	49	64	71	57	57	57	58	55	46	60	54	51
Boliger til salg, ultimo	Parcel-/rækkehus	2942 Skodsborg	12	13	8	8	4	2	3	5	4	7	9	8	11	12	16	12	13	13	14	12	9	11	13	6	12	15	13	13	12	16	18	20	18	21	18	16	19	16	19	15	17	20	17	15	16	25	25	20
Boliger til salg, ultimo	Parcel-/rækkehus	2950 Vedbæk	53	38	40	33	28	17	22	21	15	36	43	60	72	78	87	92	86	86	94	97	93	77	73	69	66	79	80	79	88	119	110	102	118	123	114	105	124	121	112	103	101	152	151	118	110	133	126	117
Boliger til salg, ultimo	Parcel-/rækkehus	2960 Rungsted Kyst	39	28	24	28	27	27	24	18	26	29	32	33	45	53	56	70	76	78	71	70	68	67	57	54	57	64	69	76	94	126	113	92	68	73	70	71	86	91	94	69	73	88	71	69	72	69	77	73
Boliger til salg, ultimo	Parcel-/rækkehus	2970 Hørsholm	83	64	63	58	58	57	38	40	55	88	111	122	155	175	166	166	162	167	162	157	131	139	111	107	105	124	121	104	124	157	149	127	134	130	122	122	146	150	142	104	111	134	131	120	129	146	136	125
Boliger til salg, ultimo	Parcel-/rækkehus	2980 Kokkedal	55	46	43	34	20	20	16	20	27	29	43	58	68	71	76	83	92	96	95	79	61	73	59	51	58	58	44	47	49	73	72	54	52	46	43	42	62	75	65	41	40	51	49	48	47	43	36	38
Boliger til salg, ultimo	Parcel-/rækkehus	2990 Nivå	15	12	12	8	5	3	10	21	16	18	29	40	50	53	69	60	61	61	62	44	36	32	30	33	33	52	45	57	56	61	63	54	55	47	43	35	41	38	47	37	40	44	41	34	28	37	42	39
Boliger til salg, ultimo	Parcel-/rækkehus	3000 Helsingør	51	47	50	38	35	27	30	35	42	63	74	88	113	104	118	116	134	146	130	134	127	108	106	89	89	101	92	85	107	110	112	101	99	100	99	94	116	119	131	110	103	113	118	96	87	99	103	82
Boliger til salg, ultimo	Parcel-/rækkehus	3050 Humlebæk	33	25	18	11	10	12	13	18	11	24	33	35	46	64	67	74	77	76	88	85	88	84	62	49	48	31	43	48	45	65	64	50	46	56	57	57	67	68	64	66	62	55	51	56	45	42	34	35
Boliger til salg, ultimo	Parcel-/rækkehus	3060 Espergærde	35	22	19	19	21	20	20	21	24	32	37	55	56	67	79	66	66	82	76	73	70	64	53	42	54	70	70	62	73	83	65	59	58	72	59	53	73	82	83	67	71	77	75	59	56	58	53	58
Boliger til salg, ultimo	Parcel-/rækkehus	3070 Snekkersten	40	24	13	16	9	15	10	17	13	19	25	33	45	44	43	40	50	58	58	44	36	39	41	28	36	38	32	35	45	46	46	41	40	38	33	27	29	32	32	29	31	37	38	32	34	44	48	39
Boliger til salg, ultimo	Parcel-/rækkehus	3080 Tikøb	4	2	4	8	7	2	4	6	6	6	7	7	12	11	11	12	11	13	12	14	14	13	9	6	14	14	13	12	10	13	14	10	6	6	7	6	6	8	8	7	9	8	4	6	7	13	13	7
Boliger til salg, ultimo	Parcel-/rækkehus	3100 Hornbæk	43	28	28	22	23	21	18	13	14	16	24	40	52	59	71	75	80	80	86	86	75	85	77	71	68	72	67	64	60	76	85	73	74	79	72	62	60	56	62	58	63	76	73	61	67	65	69	63
Boliger til salg, ultimo	Parcel-/rækkehus	3120 Dronningmølle	11	9	7	11	8	6	5	4	7	6	9	14	11	14	13	16	23	24	18	23	18	16	17	16	21	20	15	14	15	14	14	13	9	14	14	13	20	18	14	10	11	13	14	12	15	13	11	12
Boliger til salg, ultimo	Parcel-/rækkehus	3140 Ålsgårde	47	44	26	20	20	28	18	25	18	25	41	41	53	63	69	72	71	64	74	75	77	78	71	63	59	64	58	61	60	67	58	53	56	52	57	44	60	67	79	64	61	75	63	58	67	65	75	62
Boliger til salg, ultimo	Parcel-/rækkehus	3150 Hellebæk	2	0	1	2	2	1	0	2	1	4	4	5	5	4	5	5	9	11	12	10	11	10	7	3	4	6	8	8	11	12	11	9	13	13	9	10	9	11	11	6	7	10	5	7	5	11	10	8
Boliger til salg, ultimo	Parcel-/rækkehus	3200 Helsinge	64	70	63	57	55	38	30	43	33	58	93	108	123	143	149	144	153	180	178	164	140	140	128	115	120	131	155	133	126	156	145	121	135	138	122	108	117	125	125	106	119	130	122	103	117	112	105	95
Boliger til salg, ultimo	Parcel-/rækkehus	3210 Vejby	15	16	21	8	14	9	11	9	9	15	16	17	21	19	21	25	26	27	31	29	23	19	18	24	19	23	17	11	19	21	29	26	23	18	17	16	17	17	25	18	15	21	22	13	18	20	18	14
Boliger til salg, ultimo	Parcel-/rækkehus	3220 Tisvildeleje	3	6	5	3	8	1	1	3	7	8	13	12	15	22	20	18	19	25	17	17	20	21	21	22	22	24	17	19	22	18	14	14	15	17	17	13	17	11	10	4	6	13	17	8	9	11	10	4
Boliger til salg, ultimo	Parcel-/rækkehus	3230 Græsted	51	51	41	34	30	27	37	24	26	38	64	66	79	84	84	88	103	107	107	104	90	83	95	79	84	81	73	88	100	125	113	101	92	97	85	76	75	72	73	62	72	78	78	62	61	74	69	59
Boliger til salg, ultimo	Parcel-/rækkehus	3250 Gilleleje	45	40	39	43	46	31	29	25	25	43	42	57	76	97	110	120	141	140	147	124	103	100	104	97	93	116	121	108	104	121	126	105	104	107	103	95	108	100	101	91	95	112	100	103	115	98	91	90
Boliger til salg, ultimo	Parcel-/rækkehus	3300 Frederiksværk	51	55	64	52	54	54	41	46	47	84	118	104	123	147	160	162	155	153	151	127	103	97	79	75	83	82	83	77	81	98	109	97	97	86	89	88	98	113	104	89	102	116	114	88	83	79	78	57
Boliger til salg, ultimo	Parcel-/rækkehus	3310 Ølsted	14	14	19	8	29	28	12	11	3	14	15	16	20	25	29	27	27	29	29	30	22	21	18	19	18	22	18	21	15	13	13	12	10	11	10	11	7	7	8	8	14	18	12	8	7	6	9	7
Boliger til salg, ultimo	Parcel-/rækkehus	3320 Skævinge	15	20	16	16	12	17	17	16	35	44	50	61	60	56	58	52	72	78	79	74	61	54	55	41	49	47	38	46	54	57	50	42	48	55	50	44	43	39	32	36	35	45	41	39	36	31	38	40
Boliger til salg, ultimo	Parcel-/rækkehus	3330 Gørløse	4	3	4	2	2	27	7	3	4	4	3	1	6	8	11	14	17	17	17	19	16	15	12	10	11	14	10	9	14	18	19	15	18	17	16	10	13	10	9	7	10	9	7	9	7	8	10	6
Boliger til salg, ultimo	Ejerlejlighed	1000-1499 Kbh.K.	140	233	218	193	173	169	176	201	208	295	392	325	329	344	333	311	308	339	341	297	238	209	201	184	227	260	270	237	265	311	290	248	199	202	157	150	155	181	219	203	235	276	260	246	308	282	275	250
Boliger til salg, ultimo	Ejerlejlighed	1500-1799 Kbh.V.	90	86	108	91	89	104	131	140	195	371	373	319	302	301	281	277	207	191	231	196	138	123	115	101	148	158	171	131	140	162	168	134	118	108	99	76	89	92	124	109	96	109	90	87	117	194	196	189
Boliger til salg, ultimo	Ejerlejlighed	1800-1999 Frederiksberg C	88	79	88	69	72	76	106	109	143	207	255	283	268	245	219	222	216	199	207	189	167	152	126	103	109	148	149	129	147	158	162	144	110	113	110	74	89	105	116	103	100	110	106	89	88	101	111	105
Boliger til salg, ultimo	Ejerlejlighed	2000 Frederiksberg	185	219	227	206	171	149	181	287	328	445	500	490	510	551	516	429	378	414	478	418	335	300	225	187	194	228	257	229	256	332	322	266	254	238	184	141	179	216	202	178	172	237	209	161	152	172	201	198
Boliger til salg, ultimo	Ejerlejlighed	2100 København Ø	188	205	192	174	138	166	209	241	302	471	577	567	559	566	539	517	502	495	490	486	406	368	342	310	333	391	416	380	404	477	448	407	341	322	277	206	247	289	309	250	285	286	274	193	187	264	310	245
Boliger til salg, ultimo	Ejerlejlighed	2150 Nordhavn	..	..	..	..	..	..	..	..	..	..	..	..	..	..	..	..	..	..	..	..	..	..	..	..	..	..	..	..	..	..	..	..	..	..	..	..	..	..	1	2	1	59	68	159	106	78	61	54
Boliger til salg, ultimo	Ejerlejlighed	2200 København N	162	133	129	141	122	125	169	177	233	310	371	382	420	405	422	319	302	311	312	266	207	146	117	126	152	176	168	145	185	254	223	162	140	135	85	72	99	110	129	112	116	131	149	103	114	129	163	116
Boliger til salg, ultimo	Ejerlejlighed	2300 København S	416	371	408	401	579	316	297	420	619	892	1251	1222	1319	1363	1247	1190	968	983	957	801	599	544	471	430	461	565	643	682	823	930	897	714	528	443	350	337	330	373	457	467	533	654	564	388	303	554	665	669
Boliger til salg, ultimo	Ejerlejlighed	2400 København NV	93	104	129	110	65	90	115	165	224	338	526	329	334	313	294	274	237	219	174	141	100	90	72	67	84	106	125	101	123	166	128	97	83	69	65	61	75	78	89	88	107	112	112	86	59	105	122	86
Boliger til salg, ultimo	Ejerlejlighed	2450 København SV	51	50	53	33	31	79	101	140	140	167	253	313	374	351	264	233	235	249	266	246	175	175	153	119	119	127	148	125	134	144	142	116	86	71	59	44	70	70	69	103	169	144	105	57	57	77	145	135
Boliger til salg, ultimo	Ejerlejlighed	2500 Valby	150	138	130	79	85	83	99	117	169	300	348	324	344	347	348	336	302	294	290	207	171	121	119	116	117	121	154	152	178	225	210	194	160	165	122	112	89	103	130	115	118	156	151	103	119	125	166	123
Boliger til salg, ultimo	Ejerlejlighed	2600 Glostrup	16	24	15	16	10	16	22	19	53	49	72	63	106	110	109	121	107	69	64	56	38	33	29	31	44	58	60	56	62	51	41	47	35	38	33	37	35	34	33	40	32	31	38	21	25	21	17	13
Boliger til salg, ultimo	Ejerlejlighed	2605 Brøndby	6	4	8	6	3	4	5	5	6	9	14	6	11	14	17	21	23	19	13	13	12	12	8	8	4	13	9	7	6	8	11	11	10	5	3	5	9	8	10	8	8	6	5	4	7	4	2	5
Boliger til salg, ultimo	Ejerlejlighed	2610 Rødovre	90	77	88	73	59	50	44	46	50	137	151	138	161	122	137	118	137	117	107	83	73	70	75	66	78	93	97	100	100	110	90	77	69	57	56	47	53	52	55	57	62	47	61	48	44	67	83	86
Boliger til salg, ultimo	Ejerlejlighed	2620 Albertslund	20	15	12	10	6	4	5	5	10	16	15	18	20	30	22	26	41	31	23	21	17	14	19	15	18	16	14	12	21	16	16	12	12	9	6	10	10	10	9	7	6	14	16	16	10	12	9	5
Boliger til salg, ultimo	Ejerlejlighed	2625 Vallensbæk	2	0	2	0	1	1	1	1	1	1	2	5	6	13	11	9	8	10	11	9	4	1	2	0	1	3	7	7	4	7	4	3	3	4	2	2	2	2	3	4	4	1	3	5	4	4	1	1
Boliger til salg, ultimo	Ejerlejlighed	2630 Taastrup	118	132	121	117	84	94	55	32	68	120	148	144	140	157	183	183	175	209	199	178	146	115	112	95	116	127	134	114	117	138	123	107	112	88	70	62	92	84	114	110	115	103	104	89	86	62	42	39
Boliger til salg, ultimo	Ejerlejlighed	2635 Ishøj	55	54	61	49	38	37	31	14	14	46	62	68	80	87	107	101	101	106	106	93	84	82	83	72	69	69	62	64	61	57	46	46	41	33	36	31	29	27	26	26	24	23	24	14	14	16	17	22
Boliger til salg, ultimo	Ejerlejlighed	2640 Hedehusene	14	17	16	10	7	10	4	5	9	23	29	26	32	33	39	33	27	26	19	16	21	13	18	14	13	14	8	16	18	19	19	21	16	8	12	12	15	16	15	15	14	11	6	3	11	8	14	10
Boliger til salg, ultimo	Ejerlejlighed	2650 Hvidovre	61	64	66	64	47	43	37	24	31	111	120	128	124	130	146	144	111	118	115	102	88	82	74	77	65	65	65	58	67	68	59	61	51	48	42	44	36	39	48	41	28	40	30	27	25	37	30	40
Boliger til salg, ultimo	Ejerlejlighed	2660 Brøndby Strand	..	..	1	1	0	..	1	0	1	1	1	1	24	21	21	22	22	23	43	43	5	4	4	0	1	1	1	1	2	2	2	2	1	1	1	0	..	1	0	..	..	..	..	..	..	..	..	..
Boliger til salg, ultimo	Ejerlejlighed	2665 Vallensbæk Strand	11	11	12	17	19	11	8	9	19	29	31	44	50	58	74	76	70	65	75	64	54	52	46	50	37	27	36	41	39	50	56	50	40	38	37	17	22	24	25	14	24	24	27	19	16	7	11	9
Boliger til salg, ultimo	Ejerlejlighed	2670 Greve	27	28	24	21	15	7	6	19	19	12	24	29	33	33	26	26	38	35	36	34	32	34	29	23	22	24	15	17	14	15	20	15	10	11	12	14	16	14	13	15	12	12	4	9	7	8	5	6
Boliger til salg, ultimo	Ejerlejlighed	2680 Solrød Strand	19	23	18	20	17	15	11	9	23	27	29	35	37	39	43	48	65	76	84	80	72	69	62	58	49	38	32	32	26	28	32	29	30	27	26	18	26	22	17	14	14	17	16	15	10	5	31	30
Boliger til salg, ultimo	Ejerlejlighed	2690 Karlslunde	..	..	..	..	19	6	1	39	20	18	18	17	19	16	15	12	7	9	9	8	10	8	6	5	6	7	6	5	5	4	5	6	7	5	4	2	2	3	5	5	8	3	6	3	0	0	..	4
Boliger til salg, ultimo	Ejerlejlighed	2700 Brønshøj	106	90	80	69	51	58	61	87	97	111	150	162	172	179	152	131	125	122	117	107	96	82	72	66	74	85	93	97	103	110	100	89	86	80	72	59	61	68	59	51	53	65	72	50	44	39	54	49
Boliger til salg, ultimo	Ejerlejlighed	2720 Vanløse	97	101	103	78	66	59	68	75	100	165	215	215	227	244	257	218	196	189	174	160	146	131	132	108	113	145	153	136	116	134	152	120	105	96	80	60	63	82	83	82	86	90	110	84	77	76	76	56
Boliger til salg, ultimo	Ejerlejlighed	2730 Herlev	14	18	14	12	12	16	8	6	10	15	22	32	39	38	33	31	28	31	29	26	23	18	15	18	20	28	26	31	32	28	26	32	27	16	17	21	20	21	27	24	12	13	13	6	9	6	6	16
Boliger til salg, ultimo	Ejerlejlighed	2740 Skovlunde	1	1	0	..	..	..	..	16	13	12	9	6	6	6	2	0	2	2	2	2	2	4	3	4	3	2	0	..	3	2	1	0	1	0	..	..	1	1	1	0	..	..	1	2	1	2	2	2
Boliger til salg, ultimo	Ejerlejlighed	2750 Ballerup	14	16	6	11	8	10	6	5	15	32	25	22	23	26	31	46	29	38	44	33	30	28	24	20	25	31	34	34	36	32	27	29	33	30	22	24	31	26	31	24	21	8	10	9	5	10	13	8
Boliger til salg, ultimo	Ejerlejlighed	2760 Måløv	0	1	3	3	25	16	6	3	28	18	15	17	17	17	20	21	27	26	21	18	19	21	18	14	13	18	20	18	16	16	19	18	17	15	12	16	9	10	9	11	9	12	14	16	12	12	15	10
Boliger til salg, ultimo	Ejerlejlighed	2765 Smørum	6	3	0	2	0	2	0	1	2	50	49	20	29	62	70	76	85	73	64	53	51	39	21	22	20	20	21	21	18	24	23	22	17	21	16	14	23	26	21	16	16	10	16	10	3	3	4	4
Boliger til salg, ultimo	Ejerlejlighed	2770 Kastrup	40	42	35	28	19	16	17	36	34	65	67	81	86	82	100	90	71	68	80	65	56	54	39	38	40	48	45	32	40	53	61	54	46	47	56	29	37	32	34	36	42	46	63	39	34	41	30	23
Boliger til salg, ultimo	Ejerlejlighed	2791 Dragør	14	3	1	4	8	2	0	1	3	5	4	5	11	6	8	12	16	24	25	24	18	21	22	20	18	19	14	11	14	14	14	14	14	14	11	10	11	7	8	6	7	5	3	5	6	4	6	3
Boliger til salg, ultimo	Ejerlejlighed	2800 Kgs.Lyngby	65	80	74	60	63	51	48	66	82	112	144	162	202	202	207	213	209	195	185	171	140	103	97	92	115	135	118	97	109	133	130	112	115	109	95	82	89	81	81	63	73	73	69	52	55	61	78	75
Boliger til salg, ultimo	Ejerlejlighed	2820 Gentofte	63	57	50	50	48	55	65	60	68	87	119	125	120	120	121	123	117	103	105	93	86	82	72	55	65	78	86	82	80	77	70	49	51	48	42	40	42	38	40	35	38	51	48	25	26	43	43	32
Boliger til salg, ultimo	Ejerlejlighed	2830 Virum	25	25	17	18	13	15	14	15	13	22	25	33	46	55	53	58	61	53	52	51	44	46	41	35	36	29	42	51	40	37	42	35	36	38	30	37	39	38	39	32	25	31	31	21	21	21	34	35
Boliger til salg, ultimo	Ejerlejlighed	2840 Holte	25	18	26	33	24	20	20	11	10	14	37	51	61	76	77	78	58	57	49	52	52	45	49	43	44	48	40	38	38	43	43	39	35	35	36	38	38	35	30	30	35	39	36	36	27	22	19	22
Boliger til salg, ultimo	Ejerlejlighed	2850 Nærum	20	18	19	13	14	13	10	13	13	15	23	27	32	38	40	44	38	37	31	22	20	23	26	29	31	35	37	38	32	37	38	34	32	22	26	22	25	18	18	15	14	13	10	6	2	7	14	16
Boliger til salg, ultimo	Ejerlejlighed	2860 Søborg	81	73	62	61	59	53	44	47	62	119	138	148	186	170	185	178	169	190	187	128	104	98	85	90	112	119	115	113	122	137	153	127	116	106	92	85	84	93	89	84	113	97	79	63	59	73	78	80
Boliger til salg, ultimo	Ejerlejlighed	2870 Dyssegård	17	19	17	16	12	9	8	19	33	49	54	47	54	66	67	50	41	47	49	43	33	28	27	23	25	37	40	42	42	49	47	39	34	24	19	18	19	24	30	24	19	11	18	18	19	16	16	17
Boliger til salg, ultimo	Ejerlejlighed	2880 Bagsværd	38	41	30	18	16	20	23	14	14	30	43	51	55	72	62	63	53	59	51	50	35	30	31	24	23	40	50	46	42	40	47	50	49	41	27	23	27	41	47	34	35	31	34	30	36	40	39	20
Boliger til salg, ultimo	Ejerlejlighed	2900 Hellerup	102	99	86	62	62	57	66	98	120	208	230	267	258	315	280	273	267	246	240	214	205	204	146	122	131	162	144	92	129	160	142	113	96	99	92	83	86	78	72	74	70	81	72	60	67	69	70	78
Boliger til salg, ultimo	Ejerlejlighed	2920 Charlottenlund	100	94	93	92	71	54	68	84	106	129	169	173	198	201	187	192	188	191	171	144	134	139	130	105	112	137	121	121	132	161	153	149	151	113	108	103	101	95	75	79	82	91	92	64	71	69	88	89
Boliger til salg, ultimo	Ejerlejlighed	2930 Klampenborg	8	8	7	6	10	9	6	6	11	13	15	13	16	18	18	18	17	19	20	21	23	22	19	15	14	10	11	14	14	14	14	17	13	18	17	17	18	15	11	8	7	9	11	11	16	13	11	6
Boliger til salg, ultimo	Ejerlejlighed	2942 Skodsborg	9	11	14	12	9	12	12	11	15	27	18	17	21	23	23	21	17	19	19	19	28	22	24	23	20	16	32	32	29	33	18	27	26	25	21	25	14	28	24	21	23	21	21	23	15	20	20	19
Boliger til salg, ultimo	Ejerlejlighed	2950 Vedbæk	3	8	6	7	7	6	8	4	2	5	4	2	5	10	13	9	4	4	5	4	5	7	8	5	5	8	9	7	10	5	5	5	3	2	2	1	1	2	4	0	2	4	6	26	22	21	32	33
Boliger til salg, ultimo	Ejerlejlighed	2960 Rungsted Kyst	6	6	5	7	3	2	4	6	6	10	11	10	8	8	8	6	10	10	7	8	13	11	4	5	9	10	8	8	8	12	45	47	40	39	36	38	7	10	7	5	3	1	1	1	3	2	4	6
Boliger til salg, ultimo	Ejerlejlighed	2970 Hørsholm	20	20	16	17	15	30	21	27	41	49	58	57	70	73	63	55	58	77	60	52	45	48	50	49	54	60	55	43	48	53	53	49	45	38	45	37	47	46	43	34	29	37	49	54	34	30	29	31
Boliger til salg, ultimo	Ejerlejlighed	2980 Kokkedal	28	23	28	21	42	33	44	37	10	7	16	18	23	24	37	42	45	31	39	41	26	19	19	19	20	14	23	27	25	22	22	17	15	13	15	7	10	8	6	6	11	12	17	9	19	17	15	8
Boliger til salg, ultimo	Ejerlejlighed	2990 Nivå	8	5	3	6	2	4	2	3	2	3	1	0	2	5	6	8	7	6	9	7	9	11	14	11	13	14	9	9	9	5	6	10	14	8	4	1	2	2	7	5	3	2	4	4	5	7	4	1
Boliger til salg, ultimo	Ejerlejlighed	3000 Helsingør	93	87	83	54	42	53	60	58	72	118	168	224	246	258	228	231	160	161	150	130	120	117	97	113	88	90	93	107	129	140	139	127	100	98	87	78	92	104	109	99	87	82	96	86	92	88	85	72
Boliger til salg, ultimo	Ejerlejlighed	3050 Humlebæk	45	43	33	30	31	34	22	23	28	35	48	55	72	67	76	54	54	45	47	36	26	28	27	39	40	42	41	34	21	30	25	25	26	17	24	19	21	21	20	15	10	26	25	14	7	11	8	16
Boliger til salg, ultimo	Ejerlejlighed	3060 Espergærde	22	19	14	11	21	6	7	9	8	11	22	26	28	29	27	24	29	25	27	18	13	15	11	8	18	23	23	14	20	17	20	14	20	18	17	16	19	22	17	21	21	19	14	13	16	17	14	10
Boliger til salg, ultimo	Ejerlejlighed	3070 Snekkersten	8	7	4	2	5	3	2	2	12	8	14	17	16	19	20	20	16	20	18	15	9	8	2	2	1	3	6	6	5	4	6	5	7	9	8	2	5	4	9	6	14	12	8	4	2	5	4	6
Boliger til salg, ultimo	Ejerlejlighed	3080 Tikøb	1	0	..	1	0	..	..	1	0	..	..	..	..	..	..	..	..	..	..	..	..	..	..	..	1	1	2	2	3	3	3	2	2	2	1	1	2	2	1	1	1	1	0	..	..	..	..	..
Boliger til salg, ultimo	Ejerlejlighed	3100 Hornbæk	3	5	4	5	5	3	6	6	5	3	8	9	6	7	3	3	5	7	4	7	7	7	7	8	7	9	9	10	11	10	9	7	7	5	8	7	6	5	8	6	5	5	5	4	3	2	3	4
Boliger til salg, ultimo	Ejerlejlighed	3120 Dronningmølle	..	..	..	..	1	0	0	0	..	0	..	..	..	..	..	..	3	3	3	3	1	2	1	0	..	..	..	1	1	1	0	..	..	..	0	..	1	1	1	0	..	2	2	2	1	1	2	2
Boliger til salg, ultimo	Ejerlejlighed	3140 Ålsgårde	2	2	0	..	2	10	11	8	0	0	2	2	3	4	5	3	3	2	1	4	2	5	6	3	2	4	3	3	2	1	2	2	0	1	2	2	2	1	3	2	1	2	2	3	3	2	0	..
Boliger til salg, ultimo	Ejerlejlighed	3150 Hellebæk	2	2	2	2	1	1	0	..	..	..	..	..	..	..	1	0	2	2	1	2	2	1	1	1	1	3	3	2	2	2	3	3	3	2	2	1	1	1	0	1	1	2	5	4	3	2	1	1
Boliger til salg, ultimo	Ejerlejlighed	3200 Helsinge	9	8	3	4	4	6	6	8	3	4	8	40	44	46	44	40	39	42	32	33	31	27	9	15	13	10	9	10	15	13	15	11	11	11	10	4	7	7	5	2	5	10	14	10	9	3	4	2
Boliger til salg, ultimo	Ejerlejlighed	3210 Vejby	1	0	1	1	1	2	1	2	2	2	1	3	3	3	7	6	4	5	4	2	0	..	..	..	0	..	..	..	..	..	..	..	..	1	1	0	0	..	..	2	2	1	0	..	..	..	..	..
Boliger til salg, ultimo	Ejerlejlighed	3220 Tisvildeleje	11	12	11	15	16	11	9	7	7	1	3	6	3	5	5	2	1	5	5	2	1	1	1	1	1	1	0	..	1	2	2	2	1	2	3	3	3	4	1	2	3	3	2	3	2	2	1	2
Boliger til salg, ultimo	Ejerlejlighed	3230 Græsted	3	3	3	1	3	1	1	5	1	7	8	8	19	15	24	21	12	8	7	6	6	3	2	3	3	3	3	3	2	0	2	2	4	4	6	4	4	5	7	6	4	5	5	3	3	5	4	3
Boliger til salg, ultimo	Ejerlejlighed	3250 Gilleleje	4	1	2	2	3	2	1	1	1	6	9	7	9	8	9	9	11	11	8	8	6	6	5	4	4	7	9	8	6	4	4	2	3	4	3	4	5	7	6	6	6	9	11	13	8	8	7	4
Boliger til salg, ultimo	Ejerlejlighed	3300 Frederiksværk	2	5	5	17	22	13	15	39	31	44	30	30	35	38	39	56	48	26	23	22	18	17	12	10	17	16	12	12	10	10	10	10	9	7	11	14	13	13	10	12	16	16	14	14	13	8	7	4
Boliger til salg, ultimo	Ejerlejlighed	3310 Ølsted	..	..	..	..	..	..	..	..	..	..	..	..	..	..	..	..	..	..	..	..	..	..	..	..	..	..	..	..	..	..	..	..	..	..	..	..	..	..	..	..	..	..	..	..	..	..	..	..
Boliger til salg, ultimo	Ejerlejlighed	3320 Skævinge	..	..	2	10	7	7	2	0	1	1	0	1	2	1	2	2	1	0	1	2	3	2	2	2	2	3	3	0	1	1	1	1	2	2	1	2	3	3	1	1	2	3	2	1	1	1	0	..
Boliger til salg, ultimo	Ejerlejlighed	3330 Gørløse	..	..	..	..	..	1	0	..	0	..	..	..	..	..	..	..	..	..	..	..	..	..	..	..	..	..	..	..	..	..	..	..	..	..	..	..	..	..	..	..	..	..	..	..	..	..	..	..
Boliger til salg, ultimo	Fritidshus	1000-1499 Kbh.K.	..	..	..	..	..	..	..	..	..	..	..	..	..	..	..	..	..	..	..	..	..	..	..	..	..	..	..	..	..	..	..	1	1	0	..	..	..	..	..	..	..	..	..	..	..	..	..	..
Boliger til salg, ultimo	Fritidshus	1500-1799 Kbh.V.	..	..	..	..	..	..	..	..	..	..	..	..	..	..	..	..	..	..	..	..	..	..	..	..	..	..	..	..	..	..	..	..	..	..	..	..	..	..	..	..	..	..	..	..	..	..	..	..
Boliger til salg, ultimo	Fritidshus	1800-1999 Frederiksberg C	..	..	..	..	..	..	..	..	..	..	..	..	..	..	..	..	..	..	..	..	..	..	..	..	..	..	..	..	..	..	..	..	..	..	..	..	..	..	..	1	1	1	0	..	..	..	..	..
Boliger til salg, ultimo	Fritidshus	2000 Frederiksberg	..	..	..	..	..	..	..	..	..	..	..	..	..	..	..	..	..	..	..	..	..	..	..	..	..	..	..	..	..	..	..	..	..	..	..	..	..	..	..	1	1	1	0	..	..	..	..	..
Boliger til salg, ultimo	Fritidshus	2100 København Ø	..	..	..	..	..	..	0	..	..	..	..	..	..	..	..	..	..	..	..	..	..	..	..	..	..	..	..	..	..	..	..	..	..	..	..	..	..	..	..	..	..	..	..	..	..	..	..	..
Boliger til salg, ultimo	Fritidshus	2150 Nordhavn	..	..	..	..	..	..	..	..	..	..	..	..	..	..	..	..	..	..	..	..	..	..	..	..	..	..	..	..	..	..	..	..	..	..	..	..	..	..	..	..	..	..	..	..	..	..	..	..
Boliger til salg, ultimo	Fritidshus	2200 København N	..	..	..	..	..	..	..	..	..	..	..	..	..	..	..	..	..	..	..	..	..	..	..	..	..	..	..	..	..	..	..	..	..	..	..	..	..	..	..	..	..	..	..	..	..	..	..	..
Boliger til salg, ultimo	Fritidshus	2300 København S	6	4	1	1	2	1	2	0	0	..	..	1	1	5	1	3	2	2	2	2	2	0	..	..	..	1	3	4	7	3	3	1	1	1	1	1	0	2	1	0	1	0	0	1	1	0	..	..
Boliger til salg, ultimo	Fritidshus	2400 København NV	..	..	..	..	..	..	..	..	..	..	..	..	..	..	..	..	..	..	..	..	..	..	..	..	..	..	..	..	..	..	..	..	..	..	..	..	..	..	..	..	..	..	..	..	..	..	..	..
Boliger til salg, ultimo	Fritidshus	2450 København SV	..	..	..	..	..	..	..	..	..	..	..	..	..	..	..	..	..	..	..	..	..	..	..	..	..	..	..	..	..	..	..	..	..	..	1	0	..	1	0	..	..	..	..	..	..	..	..	..
Boliger til salg, ultimo	Fritidshus	2500 Valby	..	..	..	..	..	..	..	..	..	..	..	..	..	..	..	..	..	..	..	..	..	..	..	..	..	..	..	..	..	..	..	..	..	..	..	..	..	..	..	..	..	..	..	..	..	..	0	..
Boliger til salg, ultimo	Fritidshus	2600 Glostrup	..	..	0	..	..	1	2	1	19	15	15	15	0	..	..	..	..	..	..	..	..	..	..	..	..	..	..	..	..	..	1	1	1	0	1	1	2	2	3	2	3	2	2	0	0	..	..	..
Boliger til salg, ultimo	Fritidshus	2605 Brøndby	1	0	..	..	..	..	..	..	..	..	..	..	..	..	..	..	..	..	..	..	..	..	..	..	..	..	..	..	..	..	..	..	..	..	..	..	..	..	..	..	..	..	..	..	..	..	..	..
Boliger til salg, ultimo	Fritidshus	2610 Rødovre	..	..	..	..	..	1	0	..	..	..	1	2	1	0	..	..	..	..	..	..	..	..	..	..	..	..	..	..	1	4	5	4	4	3	3	3	6	3	3	3	2	0	1	1	0	2	1	1
Boliger til salg, ultimo	Fritidshus	2620 Albertslund	..	..	..	..	..	..	..	..	..	..	..	..	..	..	..	..	..	..	..	..	..	..	..	..	..	..	..	..	..	..	..	..	..	..	..	..	..	..	..	..	..	..	..	..	..	..	..	..
Boliger til salg, ultimo	Fritidshus	2625 Vallensbæk	..	..	..	..	..	..	..	..	..	..	..	..	..	..	..	..	..	..	..	..	..	..	..	..	..	..	..	..	..	..	..	..	..	..	..	..	..	..	..	..	..	..	..	..	..	..	..	..
Boliger til salg, ultimo	Fritidshus	2630 Taastrup	3	1	2	2	2	1	2	1	1	1	7	7	4	3	2	1	0	2	3	3	1	3	4	2	3	3	3	2	3	5	4	6	7	8	6	4	4	2	3	4	4	6	5	4	5	3	4	2
Boliger til salg, ultimo	Fritidshus	2635 Ishøj	1	2	1	0	1	1	0	..	..	..	..	..	..	..	..	..	..	..	..	..	..	..	..	1	1	1	0	..	..	..	..	..	..	..	1	1	1	0	..	..	..	..	0	..	..	..	..	..
Boliger til salg, ultimo	Fritidshus	2640 Hedehusene	15	17	20	20	18	11	16	10	7	12	13	16	23	32	39	39	37	37	39	30	32	33	28	24	29	24	20	23	25	32	28	28	30	26	19	16	19	16	16	15	16	17	15	13	18	18	19	9
Boliger til salg, ultimo	Fritidshus	2650 Hvidovre	1	1	1	2	2	2	0	..	..	..	..	1	1	3	3	4	5	6	6	3	2	2	2	2	1	3	2	3	6	6	8	6	4	3	3	5	6	5	3	2	1	4	6	3	3	6	6	3
Boliger til salg, ultimo	Fritidshus	2660 Brøndby Strand	..	..	..	..	..	..	..	..	..	..	..	..	..	..	..	..	..	..	..	..	..	..	..	..	..	..	..	..	..	..	..	..	..	..	..	..	..	..	..	..	..	..	..	..	..	..	..	..
Boliger til salg, ultimo	Fritidshus	2665 Vallensbæk Strand	..	..	..	..	..	0	0	..	..	..	..	..	..	..	..	..	..	..	..	..	..	..	..	..	..	..	..	..	..	1	1	1	1	1	1	1	0	0	..	..	..	..	..	..	..	..	..	..
Boliger til salg, ultimo	Fritidshus	2670 Greve	1	1	0	..	..	..	..	..	..	..	..	..	..	..	..	..	..	..	..	2	3	3	2	0	..	1	2	1	1	1	1	1	2	0	..	..	..	..	..	1	1	1	0	..	..	..	..	..
Boliger til salg, ultimo	Fritidshus	2680 Solrød Strand	..	2	2	0	..	1	2	1	0	..	..	..	..	..	..	..	1	0	0	1	1	2	1	1	1	0	1	1	2	3	3	1	1	3	2	2	1	1	0	..	..	1	1	1	1	1	2	2
Boliger til salg, ultimo	Fritidshus	2690 Karlslunde	..	..	..	..	..	..	..	..	..	..	..	..	..	..	..	..	..	1	1	1	1	1	1	2	1	0	..	..	..	..	..	..	..	..	..	..	1	0	..	..	..	1	0	..	..	..	..	..
Boliger til salg, ultimo	Fritidshus	2700 Brønshøj	..	..	..	..	..	..	1	0	..	..	..	..	..	..	..	..	..	..	..	..	..	1	0	..	..	..	..	..	..	..	..	..	..	..	..	..	..	..	..	..	..	0	..	1	1	0	..	..
Boliger til salg, ultimo	Fritidshus	2720 Vanløse	..	..	..	..	..	..	..	..	..	..	..	..	..	..	..	..	..	..	..	..	..	..	..	..	..	..	..	..	..	..	..	..	..	..	..	..	..	..	..	..	..	..	..	..	..	..	..	..
Boliger til salg, ultimo	Fritidshus	2730 Herlev	..	..	1	1	0	..	1	0	..	..	..	1	3	0	..	1	0	..	..	1	0	..	2	2	2	1	0	..	..	..	2	0	..	1	2	2	2	1	1	0	1	0	1	1	2	3	2	2
Boliger til salg, ultimo	Fritidshus	2740 Skovlunde	13	15	9	7	8	10	6	8	6	6	7	10	9	13	11	12	20	12	9	10	10	11	9	7	13	20	17	14	15	17	16	9	9	10	15	16	22	21	20	16	11	19	14	5	11	7	4	5
Boliger til salg, ultimo	Fritidshus	2750 Ballerup	3	1	0	2	2	3	3	0	1	1	4	5	6	6	9	7	11	14	15	14	14	16	13	10	13	16	19	14	12	13	10	8	8	11	14	12	10	11	11	7	7	7	7	7	6	4	2	1
Boliger til salg, ultimo	Fritidshus	2760 Måløv	..	..	..	..	..	..	..	..	..	..	..	..	..	..	..	..	..	..	..	..	..	..	..	..	..	..	..	..	..	..	..	..	..	..	..	..	..	..	..	..	..	..	..	..	..	..	..	..
Boliger til salg, ultimo	Fritidshus	2765 Smørum	..	..	..	..	..	..	..	..	..	..	..	..	..	..	..	..	..	..	..	..	..	..	..	..	..	..	..	..	..	1	1	1	0	1	1	0	..	0	..	..	..	..	..	..	..	..	..	..
Boliger til salg, ultimo	Fritidshus	2770 Kastrup	0	1	2	3	3	1	0	1	0	1	1	1	1	4	3	3	1	2	8	6	2	3	1	2	3	4	5	4	6	7	7	7	5	4	5	3	4	3	3	0	..	..	0	1	1	0	5	5
Boliger til salg, ultimo	Fritidshus	2791 Dragør	0	1	2	0	..	0	1	2	1	1	1	1	1	3	2	6	8	8	8	9	9	10	10	7	11	13	19	18	14	15	12	9	8	9	12	13	14	17	19	11	12	12	11	8	7	7	8	3
Boliger til salg, ultimo	Fritidshus	2800 Kgs.Lyngby	..	..	..	..	..	..	..	..	..	..	..	..	..	..	..	..	..	..	..	..	..	..	..	..	..	..	..	..	..	1	0	..	..	..	..	..	..	..	..	1	0	..	0	..	..	..	..	..
Boliger til salg, ultimo	Fritidshus	2820 Gentofte	..	..	..	..	..	..	..	..	..	..	..	..	..	..	..	..	..	..	..	..	..	..	..	..	..	..	..	..	..	..	..	..	..	..	..	..	..	..	..	..	..	..	..	..	..	..	..	..
Boliger til salg, ultimo	Fritidshus	2830 Virum	..	..	..	..	..	..	..	..	..	..	..	..	..	..	..	..	..	..	..	..	..	..	..	..	..	..	..	..	..	..	..	..	..	..	..	..	..	..	..	..	..	..	..	..	..	..	..	..
Boliger til salg, ultimo	Fritidshus	2840 Holte	..	..	..	..	..	..	..	..	..	..	..	..	..	..	..	..	..	..	..	..	..	..	..	..	..	1	1	1	0	..	..	..	..	..	..	..	..	1	0	2	2	1	0	..	..	..	..	..
Boliger til salg, ultimo	Fritidshus	2850 Nærum	..	..	..	..	..	..	..	..	..	..	..	..	..	..	..	..	..	..	..	..	..	..	..	..	..	..	..	..	..	..	..	..	..	..	..	..	..	..	..	..	..	..	..	..	..	..	..	..
Boliger til salg, ultimo	Fritidshus	2860 Søborg	1	0	..	..	..	..	..	..	..	..	..	..	..	..	..	..	..	..	..	..	..	..	..	..	..	..	..	..	..	..	..	..	..	..	..	..	..	..	..	..	..	..	..	..	..	..	..	..
Boliger til salg, ultimo	Fritidshus	2870 Dyssegård	..	..	..	..	..	..	..	..	..	..	..	..	..	..	..	..	..	..	..	..	..	..	..	..	..	..	..	..	..	..	..	..	..	..	..	..	..	..	..	..	..	..	..	..	..	..	..	..
Boliger til salg, ultimo	Fritidshus	2880 Bagsværd	..	..	..	..	..	..	..	..	..	..	..	..	..	..	..	..	..	..	..	..	..	..	..	..	..	..	..	..	..	..	..	..	0	..	..	..	..	..	..	..	..	..	..	..	..	..	..	..
Boliger til salg, ultimo	Fritidshus	2900 Hellerup	..	..	..	..	..	..	..	..	..	..	..	..	..	..	..	..	..	..	..	..	..	..	..	..	..	..	..	..	..	..	..	..	..	..	..	..	..	..	..	..	..	..	..	..	..	..	..	..
Boliger til salg, ultimo	Fritidshus	2920 Charlottenlund	..	..	..	..	..	..	..	..	..	..	..	..	..	..	..	..	..	..	..	..	..	..	..	..	..	..	..	..	..	..	..	..	..	..	..	..	..	..	..	..	..	..	..	..	..	..	..	..
Boliger til salg, ultimo	Fritidshus	2930 Klampenborg	..	..	..	..	..	..	..	..	..	..	..	..	..	..	..	..	..	..	..	..	..	..	..	..	..	..	..	..	..	1	1	0	2	2	2	2	1	1	1	1	1	0	..	..	..	..	..	..
Boliger til salg, ultimo	Fritidshus	2942 Skodsborg	..	..	..	..	..	..	..	..	..	..	..	..	..	..	..	..	..	..	..	..	..	..	..	..	..	..	..	..	..	..	..	..	..	..	..	..	..	..	..	..	..	..	..	..	..	..	..	..
Boliger til salg, ultimo	Fritidshus	2950 Vedbæk	..	..	..	..	..	..	..	..	..	..	..	..	..	..	..	..	..	..	1	1	0	1	1	1	0	..	..	..	..	..	..	..	..	..	..	..	1	1	1	1	2	1	0	..	..	..	..	..
Boliger til salg, ultimo	Fritidshus	2960 Rungsted Kyst	..	2	2	1	0	..	..	..	..	..	..	..	..	..	..	..	..	..	..	..	1	0	..	..	..	..	..	..	..	..	..	..	..	..	..	..	..	..	..	..	..	..	..	..	..	..	..	..
Boliger til salg, ultimo	Fritidshus	2970 Hørsholm	1	1	2	2	1	1	1	0	1	3	3	3	4	5	4	4	4	2	1	4	2	4	1	1	1	1	1	0	1	2	3	2	3	3	5	5	6	5	2	1	0	3	4	0	2	0	1	0
Boliger til salg, ultimo	Fritidshus	2980 Kokkedal	..	..	..	..	..	..	..	..	..	..	..	..	..	..	..	..	..	..	..	..	..	..	..	..	..	..	1	0	..	..	..	..	..	..	..	..	..	..	..	..	..	..	..	..	..	..	..	..
Boliger til salg, ultimo	Fritidshus	2990 Nivå	..	..	..	..	..	..	..	..	..	..	..	..	..	..	0	..	..	..	..	..	..	..	..	..	..	..	..	..	..	..	..	..	..	..	..	..	..	1	1	1	1	1	1	1	1	0	1	1
Boliger til salg, ultimo	Fritidshus	3000 Helsingør	..	1	1	2	2	0	..	5	4	4	6	5	7	7	6	5	6	7	7	7	6	4	4	6	4	4	4	3	3	5	4	4	2	3	2	2	4	4	6	3	4	4	4	4	4	3	4	2
Boliger til salg, ultimo	Fritidshus	3050 Humlebæk	0	..	..	..	..	..	..	..	..	..	..	..	1	1	0	..	..	1	1	0	1	1	1	0	..	..	..	..	0	1	0	..	1	1	1	1	1	2	1	1	0	2	2	2	2	2	2	4
Boliger til salg, ultimo	Fritidshus	3060 Espergærde	..	..	..	..	..	..	..	..	..	..	..	..	..	..	..	..	..	..	..	..	..	..	..	..	..	..	1	1	2	1	0	..	..	..	..	..	..	1	1	1	2	1	1	1	0	..	..	..
Boliger til salg, ultimo	Fritidshus	3070 Snekkersten	..	..	..	..	..	..	..	..	1	1	1	1	0	..	..	..	..	..	..	..	..	..	..	..	..	..	..	..	..	..	..	..	..	1	1	0	..	..	..	..	..	..	..	..	..	..	..	1
Boliger til salg, ultimo	Fritidshus	3080 Tikøb	15	16	11	12	12	13	7	11	10	13	17	17	25	21	20	19	22	26	24	18	19	20	17	18	16	20	20	17	20	19	14	14	16	20	16	17	16	21	13	9	11	20	20	17	18	21	17	11
Boliger til salg, ultimo	Fritidshus	3100 Hornbæk	45	50	69	56	61	59	62	66	69	105	94	95	97	111	116	123	147	162	167	153	147	148	137	126	144	143	138	126	132	164	155	135	147	148	131	104	109	121	119	106	109	120	127	115	112	116	95	86
Boliger til salg, ultimo	Fritidshus	3120 Dronningmølle	26	36	36	38	32	32	40	44	51	86	89	83	77	87	88	82	89	96	98	82	69	69	69	57	60	74	73	69	73	80	86	87	82	93	87	85	95	99	89	78	82	91	80	76	86	73	76	68
Boliger til salg, ultimo	Fritidshus	3140 Ålsgårde	2	1	2	4	3	0	1	0	1	0	..	..	1	1	1	1	0	..	..	2	2	3	3	3	0	1	1	2	1	1	2	2	1	1	1	1	2	0	2	2	2	3	2	1	0	1	1	4
Boliger til salg, ultimo	Fritidshus	3150 Hellebæk	..	..	..	..	..	..	..	..	..	..	..	..	..	..	..	..	..	..	1	1	1	1	1	1	1	0	..	..	..	..	..	..	..	..	..	..	..	..	..	..	1	1	0	..	..	..	..	..
Boliger til salg, ultimo	Fritidshus	3200 Helsinge	7	6	8	7	3	7	5	5	6	11	10	13	13	9	5	6	9	10	6	3	5	3	1	4	6	12	12	9	8	10	8	4	4	8	9	9	9	12	11	12	8	13	14	11	9	7	6	2
Boliger til salg, ultimo	Fritidshus	3210 Vejby	58	54	70	61	60	59	102	119	102	149	166	157	179	194	197	190	213	232	225	182	158	154	122	104	129	159	161	148	160	203	187	170	180	182	168	151	171	180	156	125	124	137	130	109	127	125	117	89
Boliger til salg, ultimo	Fritidshus	3220 Tisvildeleje	8	11	8	9	11	11	15	21	20	31	39	36	47	43	41	34	55	67	73	67	64	73	62	52	67	82	78	61	62	79	73	60	61	74	63	49	65	68	50	33	42	57	47	47	49	52	47	38
Boliger til salg, ultimo	Fritidshus	3230 Græsted	30	34	50	46	45	67	65	59	59	64	88	89	85	90	82	73	102	99	92	69	66	62	53	47	63	80	81	66	75	101	94	74	88	96	80	75	89	87	91	72	64	92	90	67	74	82	92	68
Boliger til salg, ultimo	Fritidshus	3250 Gilleleje	64	69	79	75	81	92	82	85	93	121	142	134	166	167	173	166	192	215	196	164	142	134	136	117	137	170	161	154	177	235	226	181	194	218	198	171	183	178	162	148	165	192	166	123	163	174	151	133
Boliger til salg, ultimo	Fritidshus	3300 Frederiksværk	37	48	48	41	49	49	47	52	63	84	89	90	93	101	109	103	116	134	132	123	101	106	103	90	99	118	127	112	114	144	140	128	123	118	122	114	124	134	130	93	93	103	95	85	82	82	76	54
Boliger til salg, ultimo	Fritidshus	3310 Ølsted	27	31	36	40	42	41	35	31	36	37	40	36	51	64	72	64	79	84	82	69	71	63	60	58	62	70	68	60	55	54	53	51	51	54	56	55	59	49	51	43	53	50	47	44	53	39	39	32
Boliger til salg, ultimo	Fritidshus	3320 Skævinge	..	..	..	..	..	..	..	..	..	..	1	1	1	1	0	..	..	1	1	1	1	1	1	1	1	0	..	..	..	..	..	..	..	..	..	..	..	1	1	1	1	1	1	1	0	..	..	..
Boliger til salg, ultimo	Fritidshus	3330 Gørløse	..	..	..	..	..	..	..	..	..	..	..	..	..	..	..	..	..	..	..	..	..	..	..	..	..	..	..	..	..	..	..	..	..	..	..	..	..	..	..	..	..	..	..	..	..	..	..	..
