ejendomskategori	område	2004K1	2004K2	2004K3	2004K4	2005K1	2005K2	2005K3	2005K4	2006K1	2006K2	2006K3	2006K4	2007K1	2007K2	2007K3	2007K4	2008K1	2008K2	2008K3	2008K4	2009K1	2009K2	2009K3	2009K4	2010K1	2010K2	2010K3	2010K4	2011K1	2011K2	2011K3	2011K4	2012K1	2012K2	2012K3	2012K4	2013K1	2013K2	2013K3	2013K4	2014K1	2014K2	2014K3	2014K4	2015K1	2015K2	2015K3	2015K4	
Parcel-/rækkehus	Hele landet	146	143	133	132	136	124	114	111	112	105	108	114	128	126	129	130	147	143	144	165	185	187	188	209	218	201	188	196	207	190	193	210	230	222	218	227	235	223	212	216	233	219	208	218	229	209	200	203
Parcel-/rækkehus	Region Hovedstaden	132	121	109	102	104	89	89	87	94	89	103	119	140	143	156	157	178	169	172	190	198	192	189	203	204	175	159	149	160	145	148	167	178	169	164	177	170	157	147	157	159	139	143	142	145	133	125	124
Parcel-/rækkehus	Landsdel København by	129	119	103	96	98	90	89	93	84	82	109	124	143	137	164	169	165	163	153	173	186	173	183	185	180	138	135	132	119	108	121	138	152	150	136	153	138	117	113	106	122	91	97	96	107	98	74	97
Parcel-/rækkehus	København	116	122	100	96	88	82	94	102	98	85	105	117	143	140	158	160	159	174	157	177	194	182	180	174	175	129	119	128	115	90	122	143	150	151	136	137	136	110	117	102	125	84	97	104	109	92	67	99
Parcel-/rækkehus	Frederiksberg	154	147	177	76	110	176	100	71	98	85	145	151	100	137	232	0	218	96	127	192	168	90	123	259	163	151	213	131	87	136	133	144	132	106	121	153	111	101	126	109	90	99	140	66	91	83	89	105
Parcel-/rækkehus	Dragør	196	133	86	136	108	135	80	86	48	107	160	161	147	140	167	207	191	183	174	182	240	281	272	201	257	211	233	236	199	208	154	163	204	232	190	267	214	182	135	118	159	148	116	101	144	184	106	125
Parcel-/rækkehus	Tårnby	129	94	91	84	118	63	75	78	54	59	85	117	155	129	157	147	155	146	141	151	147	125	171	182	163	124	104	94	105	103	99	111	140	124	116	145	118	110	86	110	108	81	71	81	88	82	75	71
Parcel-/rækkehus	Landsdel Københavns omegn	126	107	102	90	98	76	77	80	94	90	106	125	152	153	160	161	182	162	164	189	185	189	182	188	187	157	140	133	138	135	138	150	170	156	144	170	156	126	128	134	138	117	129	124	127	106	104	101
Parcel-/rækkehus	Albertslund	110	92	45	53	90	49	56	97	89	80	74	58	122	135	141	164	133	105	137	214	265	209	197	189	191	140	95	110	102	93	134	132	140	149	114	144	79	89	107	79	146	71	91	81	76	84	71	83
Parcel-/rækkehus	Ballerup	132	89	92	81	94	92	74	74	103	81	104	143	143	163	179	190	204	176	190	231	232	223	266	164	207	202	144	181	117	163	148	189	195	183	139	208	157	153	150	131	157	144	161	147	156	139	130	106
Parcel-/rækkehus	Brøndby	130	99	86	64	89	59	78	89	68	82	129	130	144	205	176	154	161	189	174	184	172	199	163	199	169	128	106	152	149	125	149	185	170	211	132	170	135	159	176	175	116	108	124	128	100	120	91	68
Parcel-/rækkehus	Gentofte	135	113	108	117	119	100	111	107	113	110	105	118	167	149	158	150	213	157	179	170	183	185	158	181	186	135	139	144	140	145	127	144	184	137	138	190	171	142	129	129	157	125	141	122	140	99	118	117
Parcel-/rækkehus	Gladsaxe	129	113	111	98	101	80	64	80	89	92	111	132	159	158	173	159	178	172	158	179	186	181	170	199	160	163	147	112	117	123	117	128	161	145	126	147	155	109	119	134	131	122	152	132	117	115	96	103
Parcel-/rækkehus	Glostrup	127	85	150	119	64	51	57	49	105	79	77	118	152	135	167	189	224	146	192	236	199	231	258	173	178	135	113	181	155	159	148	150	169	173	103	121	214	129	78	166	90	101	86	123	132	129	110	71
Parcel-/rækkehus	Herlev	115	109	128	119	93	64	98	89	124	97	104	127	179	181	133	159	168	181	170	241	171	168	221	185	242	149	152	106	113	147	134	143	216	147	185	208	145	126	146	120	157	138	141	134	129	124	116	83
Parcel-/rækkehus	Hvidovre	139	98	84	69	89	61	64	72	81	88	100	108	153	143	141	151	186	159	159	182	187	203	211	283	161	176	185	138	164	114	155	156	176	140	157	186	201	133	149	132	138	101	105	118	131	82	73	95
Parcel-/rækkehus	Høje-Taastrup	109	137	119	94	126	107	97	80	99	99	140	153	153	158	164	182	153	172	151	218	189	205	171	182	207	169	138	130	176	127	161	174	191	161	164	139	147	140	123	148	137	111	151	156	140	128	119	141
Parcel-/rækkehus	Ishøj	136	100	110	73	132	65	53	58	43	92	72	119	131	164	140	157	225	221	197	235	258	212	215	175	288	242	147	134	253	154	298	172	185	256	167	252	193	119	127	249	154	192	142	131	130	136	168	82
Parcel-/rækkehus	Lyngby-Taarbæk	113	106	103	82	81	59	62	72	103	76	110	140	143	129	160	137	153	132	128	126	137	151	130	149	157	129	134	115	108	127	106	121	117	121	119	132	127	104	102	109	137	76	82	97	117	80	86	87
Parcel-/rækkehus	Rødovre	144	121	95	100	75	63	68	57	75	92	93	128	168	150	168	154	190	151	182	164	118	134	138	161	154	125	120	121	116	128	93	142	169	170	185	191	117	94	133	94	131	114	133	108	109	80	70	81
Parcel-/rækkehus	Vallensbæk	91	94	81	55	78	72	61	78	73	81	103	88	124	145	157	185	170	177	151	206	179	205	163	171	258	182	158	110	132	185	122	126	132	134	162	141	185	127	104	156	100	159	140	123	140	87	132	113
Parcel-/rækkehus	Landsdel Nordsjælland	141	132	114	111	108	93	93	85	95	91	102	118	137	148	158	161	188	187	195	204	218	205	203	224	221	198	177	159	180	162	163	180	187	187	184	183	184	176	167	174	177	156	158	162	161	150	140	139
Parcel-/rækkehus	Allerød	154	138	111	114	130	117	102	101	114	113	120	122	151	162	173	199	232	217	237	236	180	214	209	270	174	178	110	107	197	152	124	169	143	169	172	158	179	173	134	144	122	136	138	117	159	138	85	111
Parcel-/rækkehus	Egedal	124	135	91	128	89	65	78	62	107	94	130	168	155	189	184	190	213	214	222	177	252	212	204	212	195	234	173	147	174	163	133	189	182	176	149	166	128	164	166	147	160	139	135	162	147	142	101	113
Parcel-/rækkehus	Fredensborg	138	125	144	88	111	99	97	78	75	85	110	89	150	130	152	155	204	175	184	235	194	219	200	240	231	201	173	128	178	181	161	200	186	213	208	185	173	225	184	193	186	157	157	193	157	161	111	94
Parcel-/rækkehus	Frederikssund	152	148	121	120	120	99	100	110	72	74	89	109	115	142	156	156	180	203	214	247	268	260	211	249	290	262	224	208	211	192	219	177	235	212	212	209	170	155	170	180	212	170	168	218	163	172	184	183
Parcel-/rækkehus	Furesø	144	122	109	127	108	82	88	73	75	71	86	112	111	131	172	186	198	173	211	220	233	221	251	209	204	208	199	142	190	170	154	156	154	186	175	163	183	155	144	160	143	98	119	143	118	94	109	107
Parcel-/rækkehus	Gribskov	151	109	120	124	129	117	96	80	97	100	86	99	134	147	167	191	209	222	217	230	242	248	223	230	253	207	219	245	204	206	252	192	213	233	223	200	207	240	220	250	194	268	181	187	156	190	168	200
Parcel-/rækkehus	Halsnæs	104	111	92	112	108	90	76	76	75	90	86	109	110	123	151	131	140	161	176	198	241	165	184	230	201	167	198	174	147	153	160	193	186	190	164	166	199	128	153	171	186	170	210	146	183	167	162	123
Parcel-/rækkehus	Helsingør	132	169	131	117	85	91	84	90	103	95	97	131	124	151	132	143	156	181	157	161	187	166	162	171	225	171	196	143	182	136	127	184	184	137	188	210	170	182	159	177	191	159	182	152	200	149	151	130
Parcel-/rækkehus	Hillerød	127	103	87	94	94	88	99	91	116	115	97	96	152	142	146	146	176	158	165	197	197	200	197	275	208	189	119	153	181	168	169	168	170	214	192	198	223	182	173	161	196	124	155	151	157	158	150	143
Parcel-/rækkehus	Hørsholm	143	165	97	100	114	91	83	104	123	85	103	121	159	130	149	137	163	190	198	193	174	145	147	148	187	163	132	115	170	134	170	186	210	150	177	153	179	132	162	158	164	132	133	143	184	122	156	166
Parcel-/rækkehus	Rudersdal	170	131	132	95	111	91	115	81	91	82	113	125	151	157	159	137	200	162	179	172	202	185	225	220	223	169	169	146	151	117	123	172	183	170	163	176	213	171	152	156	168	138	146	141	157	135	141	140
Parcel-/rækkehus	Landsdel Bornholm	118	130	137	126	131	120	121	120	111	78	79	84	94	71	92	79	123	95	109	135	154	169	141	185	237	213	201	205	238	184	160	238	222	165	211	235	240	296	201	294	241	267	232	229	227	247	263	214
Parcel-/rækkehus	Bornholm	118	130	137	126	131	120	121	120	111	78	79	84	94	71	92	79	123	95	109	135	154	169	141	185	237	213	201	205	238	184	160	238	222	165	211	235	240	296	201	294	241	267	232	229	227	247	263	214
Parcel-/rækkehus	Region Sjælland	144	138	137	124	135	121	110	106	110	103	101	113	133	133	140	142	158	164	162	190	212	215	222	242	261	253	217	240	249	233	232	241	275	271	257	269	278	262	235	251	264	240	244	246	253	228	209	218
Parcel-/rækkehus	Landsdel Østsjælland	139	139	121	111	123	107	95	84	88	102	106	122	148	149	156	160	174	204	174	192	207	222	204	241	236	202	183	173	180	159	173	172	204	202	188	183	184	173	159	157	171	167	156	185	160	137	128	129
Parcel-/rækkehus	Greve	144	139	117	124	106	97	93	98	97	109	121	145	155	150	172	164	166	200	193	178	207	190	192	224	197	173	163	182	175	128	125	145	190	200	146	148	171	149	160	119	160	139	139	140	126	127	110	125
Parcel-/rækkehus	Køge	137	167	122	107	117	117	98	94	82	113	98	104	126	154	149	142	165	183	179	201	227	226	211	235	257	211	194	175	152	184	174	159	231	224	214	171	198	221	168	183	193	182	152	218	170	147	132	111
Parcel-/rækkehus	Lejre	159	151	150	124	132	123	133	95	96	111	120	121	151	118	162	169	213	201	159	212	231	247	243	260	262	271	224	193	166	162	214	283	234	209	254	178	223	179	177	159	204	177	221	179	206	135	155	129
Parcel-/rækkehus	Roskilde	133	119	120	103	139	93	82	69	78	90	95	123	154	151	148	167	157	211	162	176	174	207	196	231	224	184	171	147	212	155	181	145	178	191	161	196	166	137	152	155	147	180	135	195	141	138	113	143
Parcel-/rækkehus	Solrød	128	122	94	101	109	130	86	65	102	94	105	114	159	173	157	156	210	237	183	218	234	290	190	294	269	210	187	205	175	177	192	191	215	182	215	243	186	220	135	186	176	143	183	183	211	132	166	131
Parcel-/rækkehus	Landsdel Vest- og Sydsjælland	145	138	143	129	139	126	116	114	117	103	99	110	128	127	134	135	152	151	158	190	214	212	228	242	270	270	229	263	273	258	253	265	299	294	280	298	310	293	262	284	296	266	275	267	285	259	237	248
Parcel-/rækkehus	Faxe	136	152	171	162	167	111	133	127	121	117	104	113	132	136	144	138	164	152	178	152	199	193	235	259	247	232	226	324	197	162	271	183	295	295	250	294	399	238	276	269	220	193	236	223	217	184	175	187
Parcel-/rækkehus	Guldborgsund	137	126	120	121	139	117	111	105	128	107	105	107	135	109	140	133	143	174	144	202	199	209	234	247	293	303	237	255	312	311	260	326	356	343	356	345	429	335	321	299	346	376	347	317	335	311	238	300
Parcel-/rækkehus	Holbæk	167	163	145	115	126	115	97	101	102	70	78	99	97	109	134	138	140	176	146	206	234	216	223	259	255	301	204	208	263	233	274	241	317	267	342	290	244	259	254	281	284	226	265	292	310	234	274	215
Parcel-/rækkehus	Kalundborg	144	146	131	134	121	154	94	112	114	111	106	114	114	136	131	123	142	123	160	140	234	223	256	245	297	282	228	251	279	290	255	316	274	287	264	379	292	350	347	310	279	311	271	293	294	247	255	227
Parcel-/rækkehus	Lolland	166	155	156	154	170	156	175	147	174	129	121	121	165	151	148	137	155	151	140	166	188	187	199	226	242	275	235	323	301	249	303	271	301	413	321	339	367	422	302	439	433	373	389	325	350	383	288	366
Parcel-/rækkehus	Næstved	137	113	135	106	133	104	87	84	80	87	87	97	103	110	120	122	141	127	129	162	189	200	201	187	271	243	203	213	290	222	213	233	268	231	236	240	235	253	183	228	219	209	185	193	220	199	207	180
Parcel-/rækkehus	Odsherred	134	144	156	143	124	127	120	130	120	97	83	108	137	136	121	164	139	124	185	185	228	207	233	219	270	302	285	363	322	291	259	335	311	330	188	314	313	288	298	306	300	263	214	350	366	259	287	306
Parcel-/rækkehus	Ringsted	132	126	137	79	97	110	74	71	103	72	95	131	137	135	166	114	183	164	191	266	257	171	239	225	290	282	222	260	180	333	152	282	254	261	219	297	386	274	230	199	347	200	202	151	235	189	191	212
Parcel-/rækkehus	Slagelse	126	117	136	129	132	119	105	123	108	101	90	100	128	125	104	122	155	131	141	189	201	206	188	252	263	225	229	226	243	246	184	224	297	237	243	260	283	258	225	220	262	247	291	202	262	248	190	241
Parcel-/rækkehus	Sorø	154	113	147	113	152	112	108	114	98	96	91	117	141	129	153	149	146	156	161	181	238	319	274	273	223	266	253	295	259	301	262	225	246	240	299	207	256	311	220	275	328	234	304	253	301	248	190	200
Parcel-/rækkehus	Stevns	175	171	150	164	138	137	120	108	112	131	80	100	117	150	150	142	199	158	215	280	280	272	267	232	317	269	190	259	263	255	211	285	261	233	243	317	227	273	227	216	258	214	246	268	191	230	155	244
Parcel-/rækkehus	Vordingborg	145	146	159	141	162	149	157	146	137	121	133	128	143	137	140	160	164	179	198	227	208	210	259	298	283	270	251	271	291	247	347	268	336	341	301	286	278	217	239	295	281	226	270	306	280	300	323	259
Parcel-/rækkehus	Region Syddanmark	160	154	142	145	149	137	122	121	122	114	113	114	119	114	114	109	127	123	126	142	173	174	174	208	210	197	194	195	209	198	200	218	239	239	228	233	244	243	225	232	256	246	226	246	263	247	242	237
Parcel-/rækkehus	Landsdel Fyn	157	154	141	141	149	135	113	120	109	104	103	107	118	111	107	111	131	133	127	152	188	194	185	213	221	200	206	198	210	201	202	226	245	247	239	239	243	239	231	232	256	253	230	258	259	234	243	237
Parcel-/rækkehus	Assens	186	194	132	163	201	169	147	189	147	119	97	101	113	95	99	110	109	147	124	132	220	186	223	266	235	200	229	234	219	277	209	293	357	325	291	307	308	262	293	273	320	277	256	308	273	335	330	414
Parcel-/rækkehus	Faaborg-Midtfyn	177	165	145	166	158	158	159	165	117	103	129	124	138	106	118	93	129	135	122	131	177	189	198	207	241	181	213	193	218	252	251	265	258	250	253	240	249	287	248	282	246	327	272	308	295	287	253	268
Parcel-/rækkehus	Kerteminde	171	183	141	148	166	158	140	110	126	119	101	136	111	83	97	111	120	133	130	151	249	205	171	196	241	315	231	236	256	215	201	234	242	312	288	232	378	249	178	335	284	201	169	269	265	228	238	209
Parcel-/rækkehus	Langeland	252	194	213	175	214	238	149	181	154	274	160	165	178	220	153	158	157	122	144	154	196	221	212	328	247	198	287	214	293	203	247	199	273	296	319	320	368	323	295	340	283	465	386	269	481	372	311	411
Parcel-/rækkehus	Middelfart	145	139	145	128	130	118	116	124	101	118	72	96	124	104	104	106	134	134	134	184	211	210	207	237	232	259	171	241	256	198	261	249	208	222	252	252	200	194	243	226	252	257	254	238	214	236	335	237
Parcel-/rækkehus	Nordfyns	188	161	213	155	190	188	133	130	139	108	102	114	118	144	93	119	131	130	143	159	146	176	153	177	215	168	247	231	219	207	214	222	249	301	233	283	254	347	326	281	343	246	196	245	277	224	212	254
Parcel-/rækkehus	Nyborg	159	145	146	137	122	129	101	146	106	98	115	100	130	85	113	106	149	129	139	142	187	165	148	169	235	187	151	151	183	187	137	262	192	234	222	289	269	259	218	200	266	180	258	216	284	223	236	186
Parcel-/rækkehus	Odense	124	120	115	118	114	93	76	73	73	67	92	89	101	103	107	107	133	127	122	154	173	187	183	194	199	177	188	171	171	162	163	156	215	189	172	172	164	174	175	157	190	192	178	186	179	156	143	130
Parcel-/rækkehus	Svendborg	149	152	145	130	138	134	104	105	114	101	107	112	123	117	98	127	121	134	115	141	170	210	173	211	204	206	204	191	210	189	217	275	247	263	247	256	293	265	265	268	303	275	258	299	324	257	289	238
Parcel-/rækkehus	Ærø	131	245	90	189	227	96	93	89	157	111	103	95	94	115	110	105	157	164	161	244	265	252	150	210	270	235	237	224	268	158	164	229	280	275	464	243	211	207	153	0	262	325	199	627	296	199	499	506
Parcel-/rækkehus	Landsdel Sydjylland	162	155	143	148	150	139	129	122	131	121	119	119	120	117	118	107	125	116	124	136	162	160	167	205	202	195	185	193	209	197	199	213	235	233	221	229	245	246	221	232	257	240	223	238	265	256	241	235
Parcel-/rækkehus	Billund	162	192	152	150	207	144	165	123	197	156	124	99	123	116	132	72	89	99	113	139	83	125	127	209	118	180	175	149	217	166	176	196	208	275	297	252	235	275	185	195	244	155	235	228	293	181	223	293
Parcel-/rækkehus	Esbjerg	123	117	109	113	94	105	106	104	82	85	80	86	84	92	104	92	103	104	103	123	158	128	143	182	172	173	152	155	177	151	165	164	194	203	183	172	191	210	199	167	174	167	164	147	171	195	166	186
Parcel-/rækkehus	Fanø	158	0	116	189	326	113	153	136	155	0	62	0	172	0	216	0	0	272	0	0	0	0	143	198	345	162	0	0	139	94	327	0	0	0	0	0	240	0	0	0	0	119	0	119	457	0	0	0
Parcel-/rækkehus	Fredericia	161	139	161	128	142	124	112	100	87	82	90	124	107	127	102	130	135	120	125	144	181	140	189	180	211	177	171	177	212	188	188	154	214	148	135	189	251	189	188	146	172	149	137	207	210	131	147	143
Parcel-/rækkehus	Haderslev	144	166	167	205	152	125	115	111	129	122	79	101	117	129	119	73	108	84	89	144	146	171	163	216	229	216	241	211	233	205	233	211	302	336	257	300	287	337	259	351	313	397	292	312	297	347	381	290
Parcel-/rækkehus	Kolding	139	131	121	130	141	136	109	102	112	96	100	130	110	116	117	123	138	129	136	158	196	194	186	267	210	203	166	178	188	196	173	215	201	212	193	194	214	230	211	196	234	206	179	219	230	204	185	217
Parcel-/rækkehus	Sønderborg	163	177	144	149	142	128	104	140	132	99	113	119	122	96	103	96	125	95	108	135	174	156	153	205	202	185	170	203	206	196	212	230	226	234	218	194	278	287	283	256	293	300	217	285	275	288	294	354
Parcel-/rækkehus	Tønder	182	105	91	197	191	182	167	147	174	196	169	162	134	113	107	101	130	109	121	112	160	171	184	164	221	244	220	263	291	274	186	251	341	204	269	260	208	281	240	245	265	301	284	282	354	330	378	267
Parcel-/rækkehus	Varde	214	198	165	144	199	189	133	141	159	183	179	145	130	143	127	138	119	140	136	100	161	169	189	196	175	151	193	173	192	186	237	249	215	299	219	237	227	235	191	209	274	254	219	313	291	263	250	215
Parcel-/rækkehus	Vejen	136	122	135	129	167	147	151	152	141	127	153	108	112	132	132	110	119	109	115	136	112	143	141	221	255	222	192	228	177	226	225	215	284	198	236	264	359	225	217	254	203	241	268	232	297	303	195	193
Parcel-/rækkehus	Vejle	196	186	164	154	151	142	139	125	159	108	120	134	148	128	134	125	143	145	176	154	177	177	181	196	199	203	200	206	213	214	212	229	237	250	238	254	270	217	229	258	270	205	239	240	288	272	199	207
Parcel-/rækkehus	Aabenraa	173	176	179	159	135	148	167	121	128	154	158	115	135	107	125	101	138	105	112	131	151	161	163	198	209	205	191	183	237	196	193	234	223	220	245	246	219	265	191	296	369	305	279	224	292	304	299	293
Parcel-/rækkehus	Region Midtjylland	135	139	132	128	128	120	110	106	104	97	98	105	117	120	116	123	135	132	133	158	176	181	184	199	209	185	176	195	203	183	185	202	225	202	215	224	241	215	222	213	227	218	202	221	233	208	196	208
Parcel-/rækkehus	Landsdel Østjylland	131	128	115	111	107	99	93	87	88	79	85	99	114	120	120	128	144	147	148	175	187	193	194	208	211	183	180	188	197	180	179	197	220	206	208	213	236	206	197	201	217	201	187	208	207	185	179	186
Parcel-/rækkehus	Favrskov	123	160	135	119	92	85	97	88	82	80	89	92	98	119	109	109	144	158	147	181	180	186	163	173	172	131	186	158	170	143	158	151	169	174	169	158	247	126	153	187	175	133	158	208	182	163	159	173
Parcel-/rækkehus	Hedensted	165	131	130	119	179	125	113	79	114	80	84	100	110	119	112	112	124	136	129	175	165	222	196	235	231	202	193	180	238	231	212	220	317	231	239	263	263	180	240	207	242	254	227	243	318	277	319	261
Parcel-/rækkehus	Horsens	110	113	109	96	98	86	88	75	92	72	83	86	119	137	116	125	146	140	158	171	199	182	190	189	204	201	178	182	200	198	149	207	195	202	199	232	196	234	213	197	232	219	181	208	226	176	196	167
Parcel-/rækkehus	Norddjurs	164	172	210	168	140	155	120	134	85	110	113	124	103	100	99	95	103	120	99	134	143	181	187	187	196	215	228	265	205	234	304	217	273	226	281	261	329	274	203	237	315	285	228	240	266	293	275	242
Parcel-/rækkehus	Odder	136	156	136	116	90	126	114	75	74	72	75	125	118	150	154	182	185	216	184	202	261	206	231	292	251	160	280	198	310	157	192	268	229	214	333	242	369	332	324	246	334	245	206	308	305	217	228	208
Parcel-/rækkehus	Randers	150	146	120	118	115	106	96	91	83	79	83	107	110	108	120	119	145	145	137	158	174	173	199	189	192	188	180	178	238	174	184	202	227	240	224	205	223	194	183	203	192	208	185	205	185	171	188	216
Parcel-/rækkehus	Samsø	165	138	115	413	0	121	85	206	198	0	81	49	94	107	87	85	84	161	96	0	243	355	158	273	186	290	158	77	123	304	422	228	265	206	0	369	397	0	260	385	0	191	162	477	529	357	120	243
Parcel-/rækkehus	Silkeborg	131	128	113	112	129	123	122	102	79	75	77	84	113	82	96	104	121	123	133	163	169	178	183	212	196	179	171	214	214	207	180	223	233	227	235	230	250	227	232	227	247	218	237	207	229	186	170	212
Parcel-/rækkehus	Skanderborg	119	123	127	123	86	101	82	97	103	83	82	110	117	134	124	141	173	163	164	147	220	178	226	223	313	193	243	217	198	218	177	205	279	229	225	226	246	195	178	225	223	194	199	224	204	155	170	220
Parcel-/rækkehus	Syddjurs	155	128	114	128	126	104	120	93	102	79	100	125	122	135	144	152	174	148	155	166	212	227	205	254	271	238	192	187	206	180	226	267	250	232	228	281	294	247	251	203	234	245	205	239	225	221	193	202
Parcel-/rækkehus	Århus	113	103	77	76	76	66	61	65	75	77	84	93	118	131	133	149	151	156	165	203	188	199	194	203	186	155	132	170	149	130	132	150	167	162	156	159	180	169	153	164	157	152	144	155	132	138	113	123
Parcel-/rækkehus	Landsdel Vestjylland	140	158	159	155	162	154	135	135	129	126	119	113	122	119	110	114	121	109	110	130	157	161	167	184	207	188	171	207	212	187	194	209	233	197	226	241	248	231	260	231	244	244	227	243	273	245	223	242
Parcel-/rækkehus	Herning	142	164	132	149	134	122	133	84	103	87	62	86	105	85	97	101	118	104	107	140	153	140	178	181	224	200	162	181	207	192	166	192	222	183	172	202	236	187	217	167	227	199	210	210	224	204	189	180
Parcel-/rækkehus	Holstebro	108	113	146	117	120	112	85	92	87	109	101	97	121	98	102	114	126	105	94	131	139	169	167	204	216	184	179	183	195	151	214	220	197	202	235	235	229	219	304	214	204	214	206	253	218	213	213	209
Parcel-/rækkehus	Ikast-Brande	163	147	220	136	176	165	123	170	167	154	111	97	127	122	80	113	98	94	100	66	131	151	143	172	146	179	139	184	171	224	183	200	202	207	162	169	176	176	166	201	296	306	196	250	258	195	200	169
Parcel-/rækkehus	Lemvig	145	180	207	198	185	234	194	228	136	132	216	108	160	178	139	160	148	122	162	137	166	272	171	212	200	173	170	277	226	244	245	280	323	217	372	328	333	294	397	368	328	447	395	197	449	390	375	291
Parcel-/rækkehus	Ringkøbing-Skjern	154	153	173	164	162	149	157	173	159	153	165	164	129	162	108	120	119	115	116	130	146	140	175	188	197	208	168	226	268	175	201	236	233	204	242	316	287	297	286	305	276	225	275	273	333	285	232	377
Parcel-/rækkehus	Skive	121	136	167	160	172	155	137	149	147	166	120	118	144	108	144	109	119	103	82	91	146	120	137	152	189	148	203	199	208	166	203	189	242	155	225	297	322	251	254	229	239	201	218	260	233	253	222	262
Parcel-/rækkehus	Struer	152	186	163	205	174	266	150	98	110	163	156	107	129	127	98	130	102	132	138	155	229	202	276	250	273	243	175	278	266	195	229	238	319	249	288	292	304	227	360	296	281	447	323	258	454	370	267	290
Parcel-/rækkehus	Viborg	145	186	135	159	190	151	137	141	132	106	111	119	105	116	114	106	129	111	118	164	177	174	149	167	216	182	172	205	189	190	176	184	226	200	224	188	193	227	233	206	208	198	169	241	241	217	207	219
Parcel-/rækkehus	Region Nordjylland	167	170	151	167	177	161	150	146	143	132	131	129	138	127	126	129	144	136	130	150	168	176	175	195	209	206	198	209	224	198	208	231	239	240	229	237	244	245	236	230	263	258	232	232	250	232	226	232
Parcel-/rækkehus	Landsdel Nordjylland	167	170	151	167	177	161	150	146	143	132	131	129	138	127	126	129	144	136	130	150	168	176	175	195	209	206	198	209	224	198	208	231	239	240	229	237	244	245	236	230	263	258	232	232	250	232	226	232
Parcel-/rækkehus	Brønderslev	136	152	169	174	190	194	141	159	144	129	128	107	118	127	129	147	136	156	112	126	172	207	149	180	201	219	201	227	216	173	222	275	226	271	240	247	275	302	268	254	329	266	200	176	231	184	243	310
Parcel-/rækkehus	Frederikshavn	208	212	169	185	212	207	221	157	180	147	166	143	152	140	160	122	144	157	137	167	171	181	220	241	218	227	211	204	217	205	242	206	275	284	316	255	268	289	290	294	350	254	248	219	194	253	230	306
Parcel-/rækkehus	Hjørring	187	189	191	179	193	143	169	140	144	123	126	132	157	125	134	130	132	141	123	129	155	183	167	199	228	221	203	197	241	224	183	215	231	273	214	210	259	240	265	205	246	311	263	216	261	248	215	217
Parcel-/rækkehus	Jammerbugt	157	156	138	176	196	166	177	157	209	235	162	141	189	145	138	138	165	160	146	179	186	189	152	162	266	214	228	246	291	225	209	286	243	276	185	249	262	270	161	275	255	313	273	320	267	190	247	218
Parcel-/rækkehus	Læsø	322	325	0	421	341	388	153	590	0	74	0	143	0	193	170	0	0	202	0	0	0	0	329	..	0	0	176	0	..	..	0	0	0	0	491	0	414	303	0	0	0	0	158	..	0	0	0	0
Parcel-/rækkehus	Mariagerfjord	157	154	157	162	153	146	148	181	108	111	137	111	144	127	120	110	140	108	122	194	171	172	166	219	211	240	219	256	233	243	203	239	329	246	266	311	347	285	272	233	250	244	274	265	316	311	282	271
Parcel-/rækkehus	Morsø	189	190	121	248	225	196	167	117	187	135	132	177	158	124	127	172	166	171	142	136	133	148	134	175	174	222	178	172	293	308	212	272	244	145	349	300	227	326	300	216	241	448	250	366	416	286	336	230
Parcel-/rækkehus	Rebild	109	143	84	131	134	123	113	111	123	89	114	99	124	116	103	110	155	138	149	147	154	136	203	243	203	223	262	221	254	263	293	228	243	216	225	255	262	277	334	213	252	235	272	189	222	240	189	197
Parcel-/rækkehus	Thisted	158	179	144	182	158	152	152	198	121	156	168	156	140	143	111	160	153	118	119	135	236	163	174	179	191	183	193	253	248	179	214	294	253	233	247	213	351	261	311	269	319	274	267	307	290	295	253	272
Parcel-/rækkehus	Vesthimmerlands	194	208	177	185	275	249	161	188	187	169	165	181	148	171	142	114	153	115	148	190	169	168	176	182	211	219	202	245	257	172	251	297	253	316	286	259	181	266	215	312	375	323	262	281	366	272	297	339
Parcel-/rækkehus	Aalborg	151	137	133	124	122	114	102	97	103	94	85	98	103	99	105	117	134	122	123	131	146	181	175	181	191	175	165	161	159	146	163	163	190	183	143	191	154	156	144	155	173	153	157	163	176	161	146	133
Ejerlejlighed	Hele landet	122	109	104	101	101	93	92	93	102	101	106	124	140	148	154	162	175	178	170	181	198	201	189	195	207	183	175	178	180	168	173	185	196	188	169	174	175	150	139	149	160	144	145	142	141	116	118	117
Ejerlejlighed	Region Hovedstaden	122	112	102	95	93	85	83	86	106	101	112	133	150	161	165	178	184	182	178	183	195	188	173	171	178	158	154	154	159	138	143	158	168	153	140	138	130	112	110	110	110	100	106	110	104	83	79	86
Ejerlejlighed	Landsdel København by	120	108	99	93	86	75	83	85	121	110	121	147	157	168	170	176	178	166	169	168	184	172	149	152	164	142	133	136	134	124	125	142	151	131	122	115	102	84	76	84	93	74	84	85	79	61	62	74
Ejerlejlighed	København	121	107	96	92	88	77	86	82	128	108	123	147	157	167	170	179	180	168	174	168	186	168	148	148	169	148	144	142	141	131	127	148	156	133	123	120	102	86	77	82	96	77	85	84	81	62	60	75
Ejerlejlighed	Frederiksberg	121	102	104	96	78	65	79	95	103	121	116	149	164	175	171	170	175	160	154	174	176	188	147	161	137	112	97	109	107	98	108	126	137	114	116	98	98	78	70	83	81	58	74	87	67	56	64	68
Ejerlejlighed	Dragør	0	255	0	72	89	58	0	..	0	0	0	0	..	0	0	0	0	0	0	0	0	..	..	110	0	0	174	471	0	66	0	0	0	0	0	142	230	67	0	0	59	135	0	0	74	0	0	0
Ejerlejlighed	Tårnby	86	147	102	94	86	79	43	58	85	83	107	141	104	149	172	145	109	136	139	138	157	148	226	191	186	129	123	116	128	112	80	92	132	136	119	109	105	72	80	136	104	102	66	94	100	53	78	55
Ejerlejlighed	Landsdel Københavns omegn	124	120	110	101	112	101	76	89	82	89	102	113	140	159	167	187	199	204	185	204	214	206	189	188	181	186	151	160	162	142	148	169	174	176	152	156	163	144	134	123	121	110	121	105	99	85	81	77
Ejerlejlighed	Albertslund	115	77	89	58	143	88	0	63	54	49	85	100	77	147	105	167	171	119	130	0	135	0	0	0	0	230	174	126	0	128	0	0	326	100	0	53	168	88	143	122	0	0	204	130	166	79	78	56
Ejerlejlighed	Ballerup	80	101	151	115	94	102	83	76	56	174	95	227	125	193	194	377	125	176	143	172	447	511	169	270	170	205	176	178	189	114	173	151	396	189	213	283	144	104	170	169	190	178	136	79	122	139	77	98
Ejerlejlighed	Brøndby	66	0	0	87	112	0	91	0	70	67	0	105	132	0	0	0	0	0	0	0	..	0	245	0	0	0	0	..	0	..	0	0	0	278	0	..	0	127	0	0	0	0	0	0	0	0	0	0
Ejerlejlighed	Gentofte	143	124	97	100	127	105	77	91	93	114	114	131	143	180	178	179	204	209	169	225	224	188	204	199	166	180	160	159	177	126	141	175	143	166	117	129	156	134	142	108	108	81	114	91	96	71	96	84
Ejerlejlighed	Gladsaxe	122	135	122	109	110	84	69	75	78	89	122	124	147	176	180	211	230	294	213	194	263	253	218	200	190	212	162	218	151	125	139	175	160	196	186	162	209	204	136	123	121	157	102	123	110	114	90	75
Ejerlejlighed	Glostrup	105	122	113	78	73	55	60	47	58	64	104	127	142	142	159	117	186	169	160	0	177	316	119	153	205	87	100	227	167	206	188	156	131	223	162	212	148	196	169	109	133	78	131	152	95	86	54	54
Ejerlejlighed	Herlev	113	0	0	0	114	157	124	0	0	94	71	0	163	152	0	227	0	217	0	0	0	144	0	87	0	0	0	0	209	195	237	0	0	0	147	0	269	0	208	168	0	177	178	163	77	97	62	92
Ejerlejlighed	Hvidovre	111	101	118	102	115	123	48	72	61	77	85	101	135	133	164	151	217	141	213	147	145	123	212	188	171	168	146	140	111	152	173	112	152	194	118	164	105	138	116	144	147	71	124	65	81	63	56	59
Ejerlejlighed	Høje-Taastrup	137	129	148	121	136	132	101	75	75	69	100	111	123	147	166	175	169	208	178	249	155	187	152	145	172	173	134	120	142	135	133	164	152	171	154	158	107	93	99	113	136	122	105	117	92	105	81	65
Ejerlejlighed	Ishøj	114	154	102	180	135	139	111	92	82	66	60	32	149	157	136	199	206	211	271	331	256	253	189	281	362	245	122	169	193	223	170	387	246	165	153	292	295	178	101	252	168	102	140	121	84	63	57	72
Ejerlejlighed	Lyngby-Taarbæk	91	98	96	74	87	87	62	76	88	73	100	99	159	131	163	199	193	184	176	157	217	174	173	187	181	213	132	153	156	147	159	186	180	153	152	142	179	110	142	120	121	111	121	89	95	71	69	86
Ejerlejlighed	Rødovre	139	131	122	99	100	82	73	213	104	96	86	98	125	173	162	187	229	178	210	159	178	198	169	177	209	189	176	117	209	175	151	128	204	177	137	154	133	141	83	122	83	135	134	117	106	67	68	75
Ejerlejlighed	Vallensbæk	116	106	98	99	58	72	100	43	51	49	79	57	140	127	154	162	171	170	145	153	173	163	226	191	105	148	177	127	108	143	136	118	205	189	161	170	184	268	177	104	96	113	123	124	87	107	82	58
Ejerlejlighed	Landsdel Nordsjælland	120	115	101	93	87	92	94	82	97	82	100	116	131	139	139	165	185	204	191	197	205	207	213	189	209	158	203	197	203	151	192	163	185	174	165	165	166	138	153	144	136	150	136	166	160	129	124	104
Ejerlejlighed	Allerød	147	96	95	0	74	0	0	136	234	120	0	0	0	159	185	272	551	295	0	0	0	0	224	0	371	142	0	128	153	0	0	0	0	248	0	186	462	0	146	0	90	0	101	186	0	0	0	0
Ejerlejlighed	Egedal	89	180	118	72	0	84	115	182	225	32	114	120	107	138	129	188	141	159	187	225	266	175	307	182	222	106	213	177	139	231	174	216	204	117	251	181	85	155	202	153	144	206	221	151	207	110	59	61
Ejerlejlighed	Fredensborg	77	126	97	93	137	99	124	71	56	76	98	104	139	117	138	169	160	163	95	164	220	220	180	176	165	179	310	224	210	168	161	141	198	180	227	227	157	101	137	108	204	149	159	188	130	83	136	91
Ejerlejlighed	Frederikssund	208	143	163	116	119	101	109	71	68	64	96	57	125	117	124	187	220	257	0	203	250	209	191	415	240	146	267	208	195	0	324	174	158	0	157	121	0	58	152	117	97	0	237	127	151	88	90	255
Ejerlejlighed	Furesø	125	112	57	85	37	164	112	72	95	94	157	147	141	181	115	194	215	237	196	224	187	234	188	221	219	274	165	304	214	133	226	80	258	202	170	182	188	176	202	273	143	114	103	184	56	118	69	104
Ejerlejlighed	Gribskov	126	93	120	99	85	126	101	130	82	176	238	101	0	171	209	124	211	239	233	214	0	316	0	..	368	264	192	416	246	174	205	182	0	84	139	111	0	102	252	89	225	0	114	393	254	166	249	77
Ejerlejlighed	Halsnæs	121	0	0	59	119	118	0	167	106	171	120	157	191	95	112	184	169	266	0	0	147	387	268	250	0	0	204	285	0	0	0	127	0	229	0	0	0	0	151	217	0	0	100	0	399	0	0	0
Ejerlejlighed	Helsingør	138	112	109	112	79	70	65	70	98	79	79	115	104	134	125	164	175	194	227	211	213	140	209	141	185	95	208	144	230	106	199	138	186	176	158	173	106	168	123	148	120	159	171	133	147	191	166	127
Ejerlejlighed	Hillerød	92	114	88	85	91	82	101	82	104	82	75	91	130	107	166	114	173	194	132	131	148	193	137	223	198	162	154	118	236	130	156	113	161	122	168	132	176	141	176	112	105	136	104	99	144	99	114	92
Ejerlejlighed	Hørsholm	136	85	124	91	58	97	106	73	96	97	101	145	169	164	165	138	133	166	175	0	261	270	177	138	152	170	287	222	170	160	261	212	129	157	200	202	166	96	120	109	162	91	73	188	171	123	80	64
Ejerlejlighed	Rudersdal	110	111	91	82	91	85	93	69	77	58	83	123	122	143	127	174	161	205	213	178	207	209	220	186	223	139	153	179	182	156	165	230	183	181	131	131	188	153	135	142	111	121	122	135	150	96	99	92
Ejerlejlighed	Landsdel Bornholm	192	111	40	136	106	135	115	128	106	236	105	123	257	191	217	245	169	115	283	0	0	266	394	456	374	281	474	245	609	550	227	592	547	400	402	403	283	350	565	590	267	392	378	584	662	425	256	638
Ejerlejlighed	Bornholm	192	111	40	136	106	135	115	128	106	236	105	123	257	191	217	245	169	115	283	0	0	266	394	456	374	281	474	245	609	550	227	592	547	400	402	403	283	350	565	590	267	392	378	584	662	425	256	638
Ejerlejlighed	Region Sjælland	113	97	113	109	103	95	94	104	74	81	92	99	130	116	147	140	178	169	207	199	231	226	215	268	221	225	212	205	202	216	234	235	194	249	226	278	226	215	167	178	182	210	183	148	203	116	144	143
Ejerlejlighed	Landsdel Østsjælland	112	87	104	89	99	106	79	92	58	87	75	103	132	127	149	138	177	178	210	172	237	186	205	250	197	177	183	177	162	196	161	180	133	149	161	175	143	159	164	113	148	129	108	92	124	69	63	105
Ejerlejlighed	Greve	106	145	78	94	123	75	23	48	47	90	82	84	133	158	146	107	166	215	140	160	0	228	118	256	282	257	104	109	164	180	55	155	145	150	97	107	301	125	164	80	137	195	123	59	87	82	54	44
Ejerlejlighed	Køge	110	122	135	104	123	174	114	70	83	102	63	102	91	116	133	137	198	170	243	186	199	161	276	400	276	100	170	228	185	216	234	274	134	186	203	255	162	220	243	150	250	140	126	111	89	77	72	178
Ejerlejlighed	Lejre	..	..	0	0	0	0	..	0	..	0	0	..	0	..	0	..	0	..	0	..	..	..	..	0	0	..	0	0	..	0	..	0	0	0	..	0	0	0	0	..	..	0	0	0	..	0	..	0
Ejerlejlighed	Roskilde	109	66	94	84	90	76	80	69	47	74	68	102	136	118	134	134	170	175	203	151	260	207	200	171	150	181	188	161	139	175	139	147	120	128	150	137	96	138	139	107	109	108	107	83	136	54	67	86
Ejerlejlighed	Solrød	145	49	72	68	78	151	66	387	75	125	0	0	220	172	168	218	0	172	259	0	185	0	160	357	171	252	298	232	253	306	253	0	198	133	212	299	0	171	108	0	128	148	59	137	198	127	28	0
Ejerlejlighed	Landsdel Vest- og Sydsjælland	113	102	119	122	105	88	103	112	85	78	102	96	130	110	145	140	178	164	205	215	228	252	221	279	235	252	231	221	225	229	276	269	232	306	264	337	273	246	169	216	203	259	231	180	247	142	193	165
Ejerlejlighed	Faxe	131	0	0	0	0	114	0	0	0	0	0	0	86	124	0	124	248	252	0	0	..	0	..	0	0	0	0	0	0	0	0	..	0	0	0	0	0	0	0	0	..	0	0	0	0	0	0	0
Ejerlejlighed	Guldborgsund	95	73	89	182	124	90	63	235	64	87	247	92	187	84	146	100	108	68	309	246	0	312	176	150	339	242	0	264	0	537	554	450	130	106	210	437	0	0	149	0	165	393	300	182	502	210	300	0
Ejerlejlighed	Holbæk	129	35	145	110	118	85	134	88	91	63	104	51	125	164	168	120	237	203	149	156	0	243	274	332	177	333	202	212	0	161	192	112	254	246	285	329	232	227	188	287	259	289	163	386	338	175	226	192
Ejerlejlighed	Kalundborg	97	101	94	0	60	46	88	0	132	137	206	69	109	0	0	243	106	0	157	0	0	113	230	0	0	0	360	0	0	0	0	222	0	0	0	0	0	0	0	0	0	292	0	0	0	0	0	0
Ejerlejlighed	Lolland	0	0	0	0	..	0	0	103	0	..	0	0	0	..	0	64	0	0	0	0	0	0	..	0	0	167	0	..	0	0	0	..	0	0	..	67	0	0	0	0	0	0	..	0	0	0	0	0
Ejerlejlighed	Næstved	93	63	80	86	83	72	60	44	48	54	76	94	93	108	93	130	153	127	183	169	179	167	220	236	227	185	193	153	210	305	297	277	181	238	220	296	132	151	120	162	143	104	122	149	173	178	180	92
Ejerlejlighed	Odsherred	103	0	267	73	0	90	96	219	200	94	107	224	0	219	208	163	173	0	241	0	225	0	0	438	213	491	0	0	0	0	0	0	0	304	0	0	0	0	0	..	0	0	216	0	507	0	0	0
Ejerlejlighed	Ringsted	80	69	63	51	68	63	104	74	31	48	49	65	108	51	107	101	156	193	124	252	378	286	0	302	222	143	286	200	146	208	308	294	322	385	0	301	136	127	133	119	228	82	147	55	151	92	124	73
Ejerlejlighed	Slagelse	160	124	169	151	105	79	117	82	94	95	85	97	159	121	175	120	128	168	161	212	205	245	207	196	239	218	179	232	318	159	211	150	197	409	175	370	377	393	94	224	338	336	351	205	173	111	110	193
Ejerlejlighed	Sorø	0	123	0	0	139	115	98	97	0	40	0	0	139	0	0	0	346	0	0	0	0	0	0	0	458	254	0	0	0	0	0	168	491	0	0	0	0	98	0	0	0	0	0	150	327	0	0	0
Ejerlejlighed	Stevns	0	0	0	121	172	0	0	0	0	88	0	0	254	85	195	0	0	0	0	0	..	0	132	0	0	0	..	145	0	0	0	..	0	0	0	0	0	0	0	0	..	..	0	0	0	0	0	0
Ejerlejlighed	Vordingborg	127	130	128	218	196	126	153	217	163	115	68	91	120	126	267	257	280	137	261	293	0	620	280	578	0	265	332	426	479	0	421	0	357	562	367	725	0	0	466	267	183	411	0	106	250	0	0	0
Ejerlejlighed	Region Syddanmark	129	124	114	112	126	111	101	93	104	102	94	122	132	141	152	140	155	174	176	178	213	260	235	248	280	265	231	248	263	282	270	239	267	265	202	248	276	261	215	250	289	207	219	203	201	186	189	158
Ejerlejlighed	Landsdel Fyn	132	121	94	101	113	114	84	83	100	93	85	109	132	129	129	139	153	178	164	170	180	248	228	213	278	274	209	238	277	209	237	214	247	226	184	252	237	226	222	303	206	185	187	195	183	177	139	105
Ejerlejlighed	Assens	0	0	..	0	0	0	0	0	0	163	0	0	0	0	0	225	0	0	0	0	0	0	..	0	0	0	0	0	0	..	..	0	0	0	0	0	0	0	0	0	0	0	0	0	0	0	0	..
Ejerlejlighed	Faaborg-Midtfyn	293	0	143	0	130	173	97	0	126	0	145	0	0	0	0	0	109	0	155	0	0	0	0	106	464	277	178	0	0	0	277	179	0	239	0	0	0	0	0	0	497	0	0	278	0	0	0	0
Ejerlejlighed	Kerteminde	0	0	..	0	0	0	0	0	0	0	0	0	0	..	0	0	0	..	..	..	..	0	..	..	0	0	..	0	..	0	..	..	..	0	0	0	0	0	0	..	..	..	..	0	..	0	0	..
Ejerlejlighed	Langeland	0	0	..	0	0	291	164	0	0	0	0	..	0	0	0	242	0	0	142	0	0	527	0	0	0	0	0	..	0	0	0	0	0	0	0	0	0	0	0	..	..	0	0	0	..	0	0	0
Ejerlejlighed	Middelfart	0	0	..	..	0	0	66	0	168	101	0	..	219	133	..	0	259	184	0	0	0	0	0	308	0	0	0	0	0	393	0	0	0	101	0	336	..	177	0	0	0	0	363	90	0	0	0	0
Ejerlejlighed	Nordfyns	0	0	..	0	0	0	0	0	0	..	0	0	0	..	0	0	0	0	0	..	0	229	507	0	582	0	0	0	0	0	0	90	0	107	0	0	..	472	0	0	0	0	0	0	0	0	0	0
Ejerlejlighed	Nyborg	251	135	0	0	174	139	118	101	182	186	137	202	168	188	132	0	121	146	87	0	0	128	0	213	0	205	265	199	197	0	431	84	0	0	169	0	0	524	425	0	0	0	0	445	327	255	146	0
Ejerlejlighed	Odense	112	123	92	91	87	63	72	67	70	73	72	101	125	121	123	133	150	168	151	159	189	205	221	215	237	258	183	235	222	236	162	205	230	180	173	210	177	160	186	191	136	140	118	168	134	88	108	90
Ejerlejlighed	Svendborg	135	99	73	116	182	307	134	160	152	83	133	122	102	128	131	89	192	178	0	0	140	142	163	187	280	0	0	127	0	0	414	0	423	496	0	203	310	194	275	0	0	0	354	195	129	182	150	0
Ejerlejlighed	Ærø	..	..	..	..	..	..	..	..	..	..	..	..	..	..	..	..	..	..	..	..	..	..	..	0	..	..	0	..	..	..	0	..	..	..	..	..	..	..	..	0	..	..	..	..	..	0	..	..
Ejerlejlighed	Landsdel Sydjylland	126	127	133	123	138	109	119	103	107	110	103	133	132	153	174	141	156	170	188	185	244	272	242	284	282	258	252	258	250	351	301	264	282	300	219	245	310	293	209	201	364	228	248	210	218	194	235	205
Ejerlejlighed	Billund	0	0	..	0	0	0	0	0	0	0	0	0	..	0	..	0	0	0	0	0	0	0	0	143	0	0	0	0	..	0	..	0	0	0	..	0	0	..	0	0	0	..	..	0	0	..	0	0
Ejerlejlighed	Esbjerg	80	85	85	90	88	87	99	67	95	56	96	84	88	110	193	101	135	169	105	140	151	196	179	234	177	188	168	192	234	128	218	133	227	213	137	127	259	154	102	185	125	158	149	117	109	106	118	143
Ejerlejlighed	Fanø	0	0	70	0	0	0	186	0	0	154	..	0	0	0	0	0	0	0	0	0	..	0	..	0	0	0	0	267	0	0	0	..	0	447	0	281	0	0	0	0	0	0	0	0	0	0	0	0
Ejerlejlighed	Fredericia	149	90	114	131	184	101	89	123	69	85	115	186	104	85	127	126	133	134	119	162	215	175	167	212	184	212	241	187	0	437	0	271	241	284	212	152	249	338	123	115	273	97	319	167	279	256	137	197
Ejerlejlighed	Haderslev	0	0	162	226	153	108	181	155	112	207	116	130	88	138	123	117	111	191	206	0	185	0	357	0	272	490	427	775	743	719	522	0	337	394	486	58	0	444	387	213	0	496	0	190	318	0	0	0
Ejerlejlighed	Kolding	141	96	157	125	151	91	116	71	77	79	98	106	127	172	178	233	187	159	174	256	222	244	157	337	472	153	178	209	244	299	192	226	176	188	232	241	177	345	218	229	136	163	269	208	123	200	251	278
Ejerlejlighed	Sønderborg	130	173	169	156	179	105	84	73	87	58	25	143	169	140	148	69	125	152	107	0	438	789	256	378	423	405	294	348	248	214	205	402	366	331	97	328	242	471	197	180	374	311	215	360	227	167	234	207
Ejerlejlighed	Tønder	0	0	0	0	..	115	..	0	0	0	0	0	..	250	..	..	0	0	391	0	0	0	0	..	0	0	352	0	0	0	0	332	0	304	0	252	0	366	138	0	0	191	261	0	211	0	0	0
Ejerlejlighed	Varde	145	0	0	83	127	150	103	264	149	146	131	114	130	151	217	178	145	213	225	0	416	316	288	440	210	223	353	0	322	542	0	655	396	457	366	0	411	276	468	207	550	418	556	390	405	240	585	190
Ejerlejlighed	Vejen	124	0	0	89	0	0	140	0	144	0	0	0	0	180	0	203	111	0	0	0	63	145	..	0	0	188	150	0	0	..	0	0	0	0	0	0	0	0	..	0	0	0	0	0	0	..	0	0
Ejerlejlighed	Vejle	185	146	152	133	146	124	139	103	142	151	111	133	200	200	187	156	150	123	234	116	269	241	277	217	192	291	239	267	169	275	274	166	435	359	286	242	292	234	287	227	374	250	170	148	233	223	175	212
Ejerlejlighed	Aabenraa	44	259	0	176	0	157	203	112	181	272	0	220	175	176	174	76	356	268	255	0	207	206	0	443	486	0	0	0	0	338	302	147	267	403	144	266	0	0	0	260	0	260	0	0	388	0	0	0
Ejerlejlighed	Region Midtjylland	113	93	99	103	104	95	99	100	97	102	95	118	127	140	137	152	169	176	141	183	193	193	191	202	229	181	178	176	187	159	171	196	217	185	204	185	207	165	152	189	189	180	183	176	156	139	140	146
Ejerlejlighed	Landsdel Østjylland	103	85	90	98	96	84	89	89	88	95	97	123	140	149	148	157	180	176	149	192	202	199	185	194	208	166	174	171	167	155	157	180	204	176	193	180	183	150	134	162	166	171	156	168	153	126	134	122
Ejerlejlighed	Favrskov	0	0	..	0	0	184	0	119	93	0	0	260	170	172	172	60	0	169	158	..	0	179	0	0	0	127	0	0	233	0	217	0	0	0	0	0	340	0	0	0	292	0	0	0	102	0	0	0
Ejerlejlighed	Hedensted	0	74	0	..	0	262	141	0	71	0	0	870	384	310	148	141	224	176	0	0	0	0	195	0	390	298	0	0	0	432	0	0	0	0	0	0	0	0	..	..	328	0	0	0	0	0	0	0
Ejerlejlighed	Horsens	111	93	70	107	104	108	99	64	75	69	86	102	112	127	112	146	190	120	154	201	198	236	170	136	188	309	179	248	164	209	166	248	243	115	279	160	278	192	153	185	282	278	290	254	199	178	137	169
Ejerlejlighed	Norddjurs	0	153	0	0	123	137	297	123	154	139	77	76	116	159	157	172	106	139	150	128	166	191	290	217	336	331	0	0	0	0	145	327	0	0	164	0	244	247	0	0	0	0	356	57	275	0	0	0
Ejerlejlighed	Odder	94	156	106	179	137	46	86	71	90	60	72	101	88	43	79	206	0	172	0	0	478	0	0	0	376	57	299	216	273	0	0	0	343	274	242	348	0	0	0	0	0	0	170	0	265	0	0	0
Ejerlejlighed	Randers	124	136	127	117	157	105	116	83	86	76	68	78	95	110	145	141	143	152	171	213	177	272	224	251	272	226	227	244	229	217	214	146	261	228	241	217	264	203	184	233	219	208	225	227	215	186	168	158
Ejerlejlighed	Samsø	..	..	..	..	..	..	..	..	0	..	..	..	..	..	..	..	..	..	..	..	..	..	..	..	..	..	..	..	0	..	..	..	..	..	..	0	..	..	..	..	0	..	..	..	0	..	..	..
Ejerlejlighed	Silkeborg	129	155	175	104	121	94	71	111	47	131	69	79	124	63	54	89	137	151	141	149	162	211	261	236	172	211	183	177	258	339	158	215	270	206	261	187	137	299	106	106	277	346	0	207	286	142	128	200
Ejerlejlighed	Skanderborg	95	125	87	136	54	51	74	60	98	43	149	46	151	96	142	214	174	167	62	351	94	158	148	290	343	312	253	247	228	151	420	217	323	157	385	220	204	209	0	160	177	173	167	165	128	146	122	96
Ejerlejlighed	Syddjurs	0	0	0	113	91	0	104	101	0	194	138	221	0	0	224	179	293	313	261	0	0	0	165	0	0	93	0	394	326	126	123	..	387	0	333	0	0	330	0	159	125	295	585	862	395	407	460	373
Ejerlejlighed	Århus	89	58	71	82	79	71	72	92	88	99	99	126	148	168	158	162	190	188	145	184	205	181	167	165	160	116	125	117	131	110	122	149	160	144	136	141	150	107	103	131	119	117	98	120	107	90	71	84
Ejerlejlighed	Landsdel Vestjylland	152	128	139	123	133	136	140	141	134	129	92	101	80	107	93	134	126	174	114	147	159	171	212	234	305	245	194	195	261	174	239	255	266	223	249	205	296	228	228	301	287	213	282	208	168	194	167	240
Ejerlejlighed	Herning	144	115	117	85	98	93	110	135	56	72	92	91	90	86	74	76	110	143	127	157	169	98	185	201	233	148	166	187	239	164	259	315	223	189	204	235	207	215	167	143	167	176	218	202	143	167	176	123
Ejerlejlighed	Holstebro	63	94	120	72	83	68	74	98	88	60	39	78	66	99	82	45	57	80	100	64	0	178	0	198	224	120	0	318	0	213	0	0	0	430	365	0	532	223	0	604	620	194	391	290	0	0	0	0
Ejerlejlighed	Ikast-Brande	207	..	0	350	68	95	0	177	164	165	148	152	39	0	97	178	78	116	76	68	98	74	0	247	133	167	205	167	0	0	167	102	0	0	184	103	401	144	0	153	0	113	0	0	66	0	0	0
Ejerlejlighed	Lemvig	..	..	0	29	0	185	0	0	0	0	106	101	0	0	0	0	0	196	0	0	0	0	0	0	0	0	224	0	0	0	0	0	0	0	0	0	0	..	0	..	..	0	0	..	0	..	0	0
Ejerlejlighed	Ringkøbing-Skjern	0	161	..	170	199	232	141	229	266	285	140	77	137	89	161	190	227	301	81	158	0	197	303	296	0	619	236	126	595	63	0	0	0	198	0	0	351	386	481	778	0	275	270	0	0	0	0	0
Ejerlejlighed	Skive	0	109	0	0	261	0	0	0	0	0	0	0	0	0	0	0	0	0	42	0	0	87	0	0	207	0	0	..	0	0	0	0	0	0	0	0	0	0	0	..	..	0	0	0	0	0	..	0
Ejerlejlighed	Struer	0	0	0	0	0	0	0	0	150	116	0	0	210	0	217	284	0	0	314	0	0	0	0	0	0	0	0	0	409	0	0	0	..	0	0	0	0	0	0	185	0	0	0	0	0	0	0	0
Ejerlejlighed	Viborg	167	146	133	108	168	148	185	110	167	121	56	136	46	151	75	203	148	204	130	195	182	261	189	214	165	271	177	207	269	169	183	200	274	257	114	187	193	219	239	248	209	226	296	157	141	60	75	223
Ejerlejlighed	Region Nordjylland	139	107	110	115	112	121	117	110	110	116	117	109	127	120	130	129	151	171	137	143	171	187	206	182	221	198	195	212	163	172	183	211	244	256	172	175	203	137	165	138	212	193	175	179	189	171	194	158
Ejerlejlighed	Landsdel Nordjylland	139	107	110	115	112	121	117	110	110	116	117	109	127	120	130	129	151	171	137	143	171	187	206	182	221	198	195	212	163	172	183	211	244	256	172	175	203	137	165	138	212	193	175	179	189	171	194	158
Ejerlejlighed	Brønderslev	0	..	0	0	0	0	0	0	0	0	0	..	0	0	..	0	..	0	0	0	0	..	141	0	57	0	0	..	0	..	0	0	0	0	0	..	0	0	0	0	..	0	..	0	0	0	0	..
Ejerlejlighed	Frederikshavn	230	157	101	124	170	297	134	122	233	103	0	123	163	213	133	151	180	274	88	80	156	164	272	303	240	237	283	299	225	152	0	0	352	731	309	241	0	354	205	191	491	0	356	280	281	252	321	328
Ejerlejlighed	Hjørring	150	95	0	153	64	100	94	128	98	104	126	78	0	85	139	133	0	100	0	0	0	225	0	0	303	199	186	213	111	429	0	179	0	407	111	231	381	141	352	217	382	714	370	377	484	187	708	340
Ejerlejlighed	Jammerbugt	0	0	0	0	0	0	0	103	95	0	0	0	0	146	0	93	223	109	0	..	0	0	0	144	0	218	0	0	0	81	240	228	286	200	342	419	297	203	371	163	398	291	258	376	402	454	809	341
Ejerlejlighed	Læsø	..	..	..	..	..	..	..	..	..	..	..	..	..	..	..	..	..	..	..	..	..	..	..	..	..	..	..	..	..	..	..	..	..	..	..	..	..	..	0	..	..	..	..	..	..	..	..	..
Ejerlejlighed	Mariagerfjord	214	0	0	0	0	401	298	0	0	528	449	0	0	0	0	0	0	162	0	0	0	66	0	0	267	0	207	363	0	0	0	0	0	466	464	0	0	..	0	0	0	0	..	0	0	0	0	0
Ejerlejlighed	Morsø	..	..	..	..	..	..	..	..	..	..	..	..	0	0	..	..	..	..	0	..	..	..	..	..	..	..	..	0	..	..	..	0	..	..	..	..	..	..	..	..	..	..	..	..	..	..	..	..
Ejerlejlighed	Rebild	62	172	..	0	0	0	0	0	0	..	21	0	64	0	0	0	170	0	0	..	0	183	0	..	0	0	0	470	0	143	0	0	..	0	0	..	0	0	..	0	0	0	..	0	0	0	..	0
Ejerlejlighed	Thisted	136	0	148	252	166	76	0	123	0	0	118	0	153	88	241	173	220	227	234	0	170	0	0	0	0	199	256	0	0	0	204	0	0	0	74	178	0	216	0	0	0	259	0	310	0	0	0	0
Ejerlejlighed	Vesthimmerlands	0	..	0	0	0	0	..	0	0	0	..	0	0	0	..	..	0	400	0	0	..	..	0	0	0	..	0	..	..	0	0	0	0	0	0	300	0	0	0	165	192	0	0	0	0	0	0	0
Ejerlejlighed	Aalborg	128	103	103	105	104	91	115	96	91	88	85	100	116	108	120	130	151	150	148	147	173	192	181	175	196	164	185	189	168	140	146	156	173	143	138	135	110	85	101	108	124	99	103	104	101	75	65	81
Fritidshus	Hele landet	153	111	95	111	143	114	99	123	152	137	136	157	194	181	175	205	224	203	205	261	281	278	285	310	325	287	256	313	314	276	266	293	325	325	290	319	332	313	284	310	341	280	290	320	342	304	276	298
Fritidshus	Region Hovedstaden	140	108	103	105	138	118	101	136	136	125	134	156	167	179	181	208	216	207	197	236	286	272	263	287	302	260	206	268	284	211	194	260	266	272	279	270	259	255	223	261	277	231	204	293	276	231	195	227
Fritidshus	Landsdel København by	0	0	0	0	0	0	0	0	0	..	..	0	0	0	0	0	0	0	0	0	0	0	0	..	0	0	0	0	0	..	0	0	0	0	0	0	0	0	0	0	0	0	0	0	0	0	0	0
Fritidshus	København	..	..	..	..	..	..	..	..	..	..	..	..	..	..	..	..	0	..	..	..	..	..	..	..	0	..	0	..	..	..	..	..	..	..	..	..	..	..	..	..	..	..	..	..	..	..	..	..
Fritidshus	Frederiksberg	..	..	..	..	..	..	..	..	..	..	..	..	..	..	..	..	..	..	..	..	..	..	..	..	..	..	..	..	..	..	..	..	..	..	..	..	..	..	..	..	..	..	..	..	..	..	..	..
Fritidshus	Dragør	..	..	..	..	..	..	..	0	0	..	..	0	..	..	..	..	..	..	..	..	..	..	..	..	0	..	0	..	0	..	0	0	0	0	..	0	..	..	0	0	0	..	..	..	..	0	..	0
Fritidshus	Tårnby	..	..	..	0	..	0	0	..	0	..	..	..	..	0	0	0	0	..	0	0	..	0	0	..	0	0	..	..	..	..	0	..	..	..	0	..	0	0	0	..	..	..	..	..	..	..	..	..
Fritidshus	Landsdel Københavns omegn	0	0	0	0	0	0	0	0	0	0	0	0	..	0	0	0	0	0	0	0	0	0	0	0	0	0	0	0	0	0	0	0	0	0	0	0	0	0	0	0	0	0	0	0	0	0	0	0
Fritidshus	Albertslund	..	..	..	..	..	..	..	..	..	..	..	..	..	..	..	..	..	..	..	..	..	..	..	..	..	..	..	..	..	..	..	..	..	..	..	..	..	..	..	..	..	..	..	..	..	..	..	..
Fritidshus	Ballerup	..	..	..	..	0	..	..	..	..	..	0	..	..	0	..	0	..	..	..	..	..	..	..	..	..	0	0	..	..	..	..	..	..	..	..	..	0	0	..	..	..	..	..	..	0	0	..	..
Fritidshus	Brøndby	..	..	..	..	..	..	..	..	..	..	..	..	..	..	..	0	..	..	..	..	..	..	..	0	..	..	..	..	..	..	..	..	..	..	..	..	..	..	..	..	..	..	..	..	..	..	..	..
Fritidshus	Gentofte	..	..	..	..	..	..	..	..	..	..	..	..	..	..	..	..	..	..	..	..	..	..	..	..	..	..	..	..	..	..	..	..	..	..	..	..	..	..	..	..	..	..	..	..	..	..	..	..
Fritidshus	Gladsaxe	..	..	..	..	..	..	..	..	..	..	..	..	..	..	..	..	..	..	..	..	..	..	..	..	..	..	..	..	..	..	0	..	..	0	..	..	..	..	..	..	..	..	..	..	..	..	0	..
Fritidshus	Glostrup	..	..	..	..	..	..	..	..	..	..	..	..	..	..	..	..	..	..	..	..	..	..	..	..	..	..	..	..	..	..	..	..	..	..	..	..	..	..	..	..	..	..	..	..	..	..	..	..
Fritidshus	Herlev	..	..	..	..	..	..	..	..	..	..	..	..	..	..	..	..	0	..	..	..	..	..	..	..	..	..	..	..	..	..	..	..	..	..	..	0	..	0	..	..	..	..	..	0	..	..	..	..
Fritidshus	Hvidovre	..	..	..	..	0	0	0	..	..	0	..	0	..	..	0	..	..	0	0	..	0	..	0	..	..	..	0	..	..	0	0	..	..	0	..	..	0	0	0	0	..	0	0	..	0	0	0	0
Fritidshus	Høje-Taastrup	0	..	0	0	..	0	0	0	0	0	..	..	..	..	..	..	..	..	..	..	0	..	..	..	0	..	0	..	..	0	0	..	..	..	0	..	..	..	..	..	..	0	0	..	..	0	0	..
Fritidshus	Ishøj	..	..	..	..	..	..	..	..	..	..	..	..	..	..	..	..	..	..	..	..	..	..	..	..	..	..	..	..	..	..	..	..	..	..	0	..	..	..	..	..	..	..	0	..	..	..	..	..
Fritidshus	Lyngby-Taarbæk	..	..	..	..	..	..	..	..	..	..	..	..	..	..	..	..	..	..	..	..	..	..	..	..	..	..	..	..	..	..	..	..	..	..	..	0	..	..	..	..	..	0	..	..	..	..	..	..
Fritidshus	Rødovre	..	..	..	..	..	..	..	..	..	..	..	..	..	..	..	..	..	..	..	..	..	..	0	..	..	..	..	..	..	..	..	..	..	..	..	..	..	..	..	..	..	..	..	..	..	..	..	..
Fritidshus	Vallensbæk	..	..	..	..	..	..	..	..	..	..	..	..	..	..	0	..	..	..	..	..	0	0	0	..	..	..	..	..	..	..	..	0	..	..	..	..	..	..	0	..	0	..	0	..	..	0	..	..
Fritidshus	Landsdel Nordsjælland	138	106	105	104	137	119	97	137	142	127	141	165	177	186	185	204	223	212	200	250	284	282	273	281	307	264	205	264	285	199	190	260	277	248	284	268	267	243	212	253	299	223	197	283	270	226	190	228
Fritidshus	Allerød	..	..	0	..	..	0	..	..	0	..	0	..	..	0	0	..	..	..	0	..	..	..	..	..	..	0	0	..	..	..	..	..	..	..	..	..	..	..	..	..	0	..	0	..	..	0	0	..
Fritidshus	Egedal	88	139	0	..	0	102	0	0	..	0	0	0	..	..	0	0	0	0	0	..	0	0	0	0	0	0	0	0	0	0	0	0	0	0	0	0	0	0	0	0	0	0	0	0	0	0	0	0
Fritidshus	Fredensborg	..	..	..	..	..	..	..	..	..	..	0	..	..	..	..	0	..	0	..	0	..	..	..	0	..	..	..	0	0	..	0	..	0	..	..	..	..	..	0	..	0	..	..	0	0	..	0	..
Fritidshus	Frederikssund	139	103	99	111	133	109	110	128	135	99	139	163	193	188	201	220	268	209	200	183	349	295	295	267	326	316	231	405	205	210	187	258	425	242	333	302	279	303	253	269	347	256	191	382	426	405	237	281
Fritidshus	Furesø	0	0	0	..	0	0	..	..	0	..	..	..	..	0	0	..	..	0	..	..	..	0	..	0	0	..	0	..	..	0	0	..	0	0	0	0	0	0	..	0	0	0	0	..	0	..	..	0
Fritidshus	Gribskov	161	110	128	110	134	125	95	126	158	141	151	173	162	189	192	180	267	239	198	275	277	294	245	275	300	234	210	231	276	208	185	215	241	239	265	239	292	261	222	268	295	208	175	262	243	186	163	207
Fritidshus	Halsnæs	103	93	73	97	129	108	81	121	121	128	121	152	183	179	171	197	164	184	203	247	249	256	318	231	311	259	164	245	341	156	204	344	230	239	246	277	222	200	159	179	239	177	225	256	203	166	192	208
Fritidshus	Helsingør	147	133	122	74	197	147	137	275	137	118	164	182	208	186	164	331	113	164	217	284	269	273	190	501	341	326	218	170	391	243	168	230	236	322	397	324	250	179	243	390	423	397	255	256	263	250	252	355
Fritidshus	Hillerød	0	0	0	0	0	0	62	0	0	0	0	0	0	0	..	..	0	0	0	0	0	0	..	..	..	0	0	0	0	0	0	0	0	0	0	..	0	0	0	0	0	0	0	0	0	0	0	0
Fritidshus	Hørsholm	..	..	..	..	..	..	..	..	..	..	..	..	..	..	..	0	..	..	..	..	..	..	..	..	..	..	..	..	..	..	..	..	..	..	..	..	..	..	..	..	..	..	..	..	..	..	..	..
Fritidshus	Rudersdal	0	0	0	0	..	0	0	0	0	0	..	..	0	0	0	0	0	0	0	0	0	0	0	0	0	0	0	0	0	0	..	..	..	..	..	..	0	0	0	0	..	0	0	0	0	0	0	0
Fritidshus	Landsdel Bornholm	158	128	82	111	153	113	145	129	80	110	72	79	74	113	143	243	146	175	171	106	302	184	177	344	254	223	214	302	279	318	231	267	165	499	239	285	180	373	333	338	68	308	275	379	348	286	243	208
Fritidshus	Bornholm	158	128	82	111	153	113	145	129	80	110	72	79	74	113	143	243	146	175	171	106	302	184	177	344	254	223	214	302	279	318	231	267	165	499	239	285	180	373	333	338	68	308	275	379	348	286	243	208
Fritidshus	Region Sjælland	134	98	85	107	132	102	100	116	148	144	126	153	207	199	171	213	231	200	197	276	325	293	295	288	315	290	256	303	324	287	262	278	310	321	286	293	331	307	285	309	314	288	285	273	357	276	246	284
Fritidshus	Landsdel Østsjælland	152	133	86	122	142	108	131	112	143	155	129	180	177	140	168	242	209	228	248	235	135	240	187	270	472	377	151	347	190	203	208	189	185	312	204	336	122	473	265	230	354	201	308	318	353	256	182	198
Fritidshus	Greve	..	..	0	0	..	..	0	..	0	..	..	0	0	..	..	0	..	..	0	..	..	0	0	0	0	..	0	0	0	0	..	..	0	0	..	0	..	0	..	..	..	0	0	..	0	..	..	..
Fritidshus	Køge	0	0	..	0	0	0	0	0	..	..	0	0	..	0	0	0	0	0	0	0	0	0	0	0	..	0	0	..	..	0	0	0	0	..	0	0	..	..	0	..	..	0	..	..	0	0	0	0
Fritidshus	Lejre	141	128	80	126	158	101	157	117	152	172	128	185	177	146	189	258	242	242	265	243	0	243	209	267	467	416	151	388	192	203	201	204	194	345	238	389	0	490	243	264	349	225	332	318	358	262	154	151
Fritidshus	Roskilde	196	134	0	107	0	99	0	0	0	0	0	0	0	0	68	142	0	..	0	..	0	228	0	0	409	0	152	189	0	0	0	0	0	0	0	0	0	0	414	0	0	0	0	0	0	0	0	0
Fritidshus	Solrød	..	0	..	..	..	..	0	..	..	..	..	..	..	0	0	0	..	0	0	0	..	0	0	0	..	0	0	..	0	0	..	0	..	..	0	..	0	0	..	0	..	..	..	..	0	0	..	..
Fritidshus	Landsdel Vest- og Sydsjælland	133	96	85	106	131	101	98	116	149	143	126	152	208	202	171	211	232	199	194	278	334	296	300	289	307	285	261	301	331	290	264	282	316	322	289	291	333	301	286	312	312	292	284	272	358	277	249	288
Fritidshus	Faxe	..	141	0	196	75	68	110	118	162	95	58	0	0	247	0	0	0	207	0	0	0	0	0	0	0	0	0	0	0	0	137	0	0	0	272	0	0	152	334	0	0	368	0	0	..	344	174	262
Fritidshus	Guldborgsund	109	77	78	87	131	108	108	122	147	123	142	123	213	225	141	272	210	229	202	276	338	321	343	333	314	276	274	320	461	300	151	235	366	330	361	377	286	262	262	336	379	307	317	323	465	273	363	353
Fritidshus	Holbæk	152	120	85	81	134	71	115	100	179	119	103	181	185	261	204	240	376	241	157	381	424	359	211	211	292	337	224	294	339	324	233	270	249	323	235	481	300	377	328	508	394	305	224	296	428	286	417	498
Fritidshus	Kalundborg	102	76	100	134	96	85	79	95	127	134	116	130	205	224	167	156	192	228	169	306	354	193	218	328	285	263	262	310	246	292	363	240	261	467	281	303	472	446	349	229	258	408	280	323	317	349	355	349
Fritidshus	Lolland	130	134	99	118	145	114	88	117	182	200	185	152	220	258	217	161	328	271	337	296	0	392	475	329	360	322	392	597	455	408	545	398	567	454	393	299	501	343	347	342	385	369	404	341	428	323	412	517
Fritidshus	Næstved	127	112	43	62	132	49	61	41	166	81	88	107	0	124	150	227	0	116	254	0	196	167	307	247	387	189	172	243	0	164	188	286	234	269	324	195	264	207	228	0	311	252	205	184	194	293	230	180
Fritidshus	Odsherred	150	92	82	104	135	110	103	124	142	139	123	156	196	184	165	216	196	163	177	277	294	300	295	288	291	294	247	251	313	265	226	272	296	268	251	257	303	265	247	290	283	229	263	236	311	248	165	195
Fritidshus	Ringsted	0	..	0	0	..	..	..	..	..	..	0	0	..	..	..	0	..	..	..	..	..	..	..	..	..	0	..	0	..	..	0	0	0	0	0	0	..	..	0	..	..	0	0	..	..	..	0	..
Fritidshus	Slagelse	134	91	88	104	116	93	91	109	180	153	162	189	277	169	161	101	260	203	150	234	304	240	267	179	316	176	216	195	247	238	380	391	338	329	250	270	0	251	350	0	312	186	226	286	181	274	218	273
Fritidshus	Sorø	0	0	0	0	0	0	0	0	..	0	0	..	0	0	0	..	..	0	0	0	..	..	0	0	..	0	..	..	..	..	..	0	..	..	..	0	..	0	0	..	..	0	0	..	0	..	0	0
Fritidshus	Stevns	108	105	79	121	196	101	83	178	120	158	0	124	217	145	181	0	285	180	128	0	383	223	216	286	376	216	149	194	355	219	167	229	258	320	250	0	496	322	302	235	247	284	233	273	194	255	106	0
Fritidshus	Vordingborg	124	125	100	101	158	112	110	119	153	194	123	182	235	211	224	314	361	227	257	286	243	387	348	291	334	386	353	455	379	376	244	319	336	281	382	290	279	295	296	598	346	438	403	252	675	270	194	325
Fritidshus	Region Syddanmark	177	121	97	100	153	112	91	117	175	141	150	176	198	173	175	190	223	206	196	261	254	248	269	322	328	279	304	282	346	298	294	322	326	352	292	367	345	334	307	310	482	322	297	310	350	338	304	285
Fritidshus	Landsdel Fyn	188	140	105	88	174	95	89	102	172	136	143	121	168	112	143	173	221	175	166	274	225	241	235	258	276	236	335	234	366	238	235	329	272	285	268	310	267	264	263	283	428	270	278	307	312	253	228	302
Fritidshus	Assens	0	309	..	57	0	210	78	105	..	57	127	0	0	0	65	0	0	0	0	0	..	0	0	0	0	0	186	0	0	0	139	0	0	0	0	0	263	0	0	0	0	0	403	0	0	0	0	0
Fritidshus	Faaborg-Midtfyn	173	155	0	0	0	0	68	0	0	0	153	0	0	107	102	0	291	272	177	177	0	0	0	0	0	183	0	0	0	71	0	0	0	0	172	191	0	0	164	0	0	211	300	159	0	0	0	0
Fritidshus	Kerteminde	0	205	0	48	0	0	0	0	0	191	0	..	0	0	0	..	0	216	0	..	0	0	0	0	0	0	0	0	0	0	487	0	0	0	0	0	0	0	208	0	0	376	0	0	0	0	0	0
Fritidshus	Langeland	245	165	202	77	223	92	151	84	188	90	174	200	188	117	148	176	198	198	134	227	0	194	231	188	184	265	359	277	317	0	246	339	312	298	381	453	377	244	318	384	322	419	218	322	342	328	274	440
Fritidshus	Middelfart	0	132	0	138	0	52	77	206	234	254	68	100	0	124	217	0	0	197	257	0	0	253	0	469	0	192	0	181	603	148	303	0	311	65	326	0	366	0	0	126	0	37	487	143	0	0	0	..
Fritidshus	Nordfyns	200	82	105	112	164	91	48	90	115	76	120	59	153	121	98	168	208	158	149	0	218	239	256	216	250	269	120	149	354	196	123	436	185	407	240	304	105	124	265	297	671	214	247	382	383	198	188	133
Fritidshus	Nyborg	0	54	0	0	0	156	148	0	0	64	0	0	0	0	0	0	..	0	0	0	215	0	210	0	0	159	364	0	..	0	0	0	0	313	0	0	..	596	0	422	0	436	0	0	0	0	0	0
Fritidshus	Odense	..	0	..	..	0	..	..	..	..	..	..	..	0	..	..	..	..	..	..	..	..	..	..	..	..	..	..	..	..	..	..	..	..	..	0	..	..	..	..	..	..	..	..	..	..	..	..	..
Fritidshus	Svendborg	0	86	0	0	126	82	0	0	0	0	241	0	0	0	146	0	0	0	156	..	0	331	360	91	0	191	234	0	0	0	268	0	0	0	0	..	0	418	0	0	..	0	0	0	0	0	0	0
Fritidshus	Ærø	0	..	0	..	..	0	..	..	..	..	..	..	..	..	..	..	..	..	0	..	..	..	..	..	0	..	..	0	..	..	..	..	..	..	..	..	..	..	..	0	..	..	..	..	0	..	..	..
Fritidshus	Landsdel Sydjylland	171	111	93	106	142	120	93	125	177	143	153	193	211	201	190	198	224	222	208	255	270	251	286	351	352	300	290	305	338	323	324	319	342	383	303	392	378	367	328	324	499	347	305	311	365	374	340	278
Fritidshus	Billund	..	..	..	..	..	..	..	..	..	..	..	..	..	..	..	..	..	..	0	0	..	0	..	0	0	0	0	0	0	0	..	0	0	301	0	0	382	417	252	0	0	0	0	0	148	0	0	0
Fritidshus	Esbjerg	0	0	0	0	..	0	0	0	0	0	0	..	0	0	0	..	0	0	0	0	0	..	..	..	0	0	0	0	0	0	0	0	..	0	0	..	0	..	..	0	0	0	0	0	0	0	0	0
Fritidshus	Fanø	156	66	74	78	133	116	76	98	221	153	107	196	285	243	263	144	196	328	191	310	308	237	419	320	449	313	432	276	410	308	338	396	431	284	385	541	465	354	357	284	331	594	277	0	385	0	0	0
Fritidshus	Fredericia	..	0	..	..	..	0	0	0	..	0	..	0	..	..	0	..	0	..	..	..	..	0	..	..	..	..	..	..	..	..	0	..	..	0	..	0	..	..	0	..	..	0	..	0	0	0	..	..
Fritidshus	Haderslev	0	0	0	..	0	0	112	0	0	89	180	182	0	229	155	329	149	116	0	0	0	268	213	316	0	272	197	190	..	346	215	0	0	273	355	301	403	436	233	360	0	413	244	468	312	281	228	194
Fritidshus	Kolding	210	138	198	68	237	163	105	108	177	126	101	96	226	213	230	227	218	203	271	340	242	361	217	253	0	370	289	309	0	290	519	0	0	366	231	302	367	344	300	387	348	254	484	308	426	412	495	372
Fritidshus	Sønderborg	196	142	125	101	97	110	57	102	118	186	162	220	182	125	161	139	0	284	202	231	0	221	276	318	0	272	268	344	338	318	311	399	403	578	209	480	296	746	271	431	0	259	183	0	504	0	0	0
Fritidshus	Tønder	204	206	61	166	94	52	85	121	132	141	0	178	170	275	200	208	158	292	309	273	0	118	329	418	309	317	429	268	523	631	509	406	423	733	379	386	286	396	286	201	383	222	584	242	291	346	318	120
Fritidshus	Varde	131	89	93	107	143	131	103	142	189	142	169	214	196	182	171	209	242	173	217	242	271	277	250	370	353	283	240	315	264	291	280	276	311	328	314	339	376	299	335	309	371	340	286	305	374	423	336	277
Fritidshus	Vejen	..	..	..	..	..	..	..	..	..	..	..	0	..	..	..	..	..	..	..	..	..	..	0	..	..	0	..	..	..	..	..	0	..	..	..	0	..	..	..	..	..	..	..	0	0	..	..	..
Fritidshus	Vejle	209	213	51	135	179	171	124	117	168	143	92	170	0	123	168	215	395	209	0	0	0	230	313	469	224	380	208	416	0	117	230	423	355	291	0	481	445	157	562	496	235	191	0	375	275	280	491	271
Fritidshus	Aabenraa	0	0	0	..	0	..	0	..	141	0	93	0	..	0	0	0	0	275	0	0	0	0	0	..	0	426	0	0	0	0	0	0	0	403	0	0	0	0	0	0	..	795	378	..	0	0	0	0
Fritidshus	Region Midtjylland	153	108	90	114	153	112	103	120	149	128	138	148	187	164	172	206	218	198	205	226	272	272	286	326	331	302	228	312	289	247	268	279	348	331	297	317	338	301	296	330	310	265	300	314	343	319	303	358
Fritidshus	Landsdel Østjylland	137	112	82	117	157	117	99	117	142	120	120	142	168	162	166	200	231	190	214	248	248	270	267	323	307	298	229	348	246	268	266	268	309	335	309	304	368	325	279	324	283	221	310	315	312	313	287	349
Fritidshus	Favrskov	..	..	0	..	..	..	..	..	..	..	..	..	..	..	..	..	..	..	..	..	..	..	..	..	..	..	..	..	..	..	..	..	..	..	..	..	..	..	..	..	..	..	..	..	..	..	..	..
Fritidshus	Hedensted	94	135	103	121	156	22	117	107	211	142	130	246	177	133	153	212	240	183	230	319	0	380	251	306	386	225	161	599	205	206	160	0	342	228	272	213	434	399	429	330	292	391	143	162	269	381	316	331
Fritidshus	Horsens	..	0	0	..	..	0	..	0	0	0	..	..	..	0	0	..	..	..	..	..	..	..	0	0	..	..	..	0	0	..	0	..	..	0	0	..	..	0	0	..	0	0	..	0	..	0	..	..
Fritidshus	Norddjurs	146	142	64	118	113	124	85	114	127	113	112	115	215	183	174	189	193	241	254	233	219	294	264	410	362	272	302	402	310	264	314	292	271	345	287	309	409	310	265	442	182	271	334	386	323	333	357	493
Fritidshus	Odder	125	155	92	59	208	154	97	70	151	116	103	117	149	236	174	224	251	213	265	0	0	289	229	258	249	387	327	326	0	403	369	163	0	0	385	224	207	417	255	244	222	168	227	484	380	385	273	236
Fritidshus	Randers	0	0	..	0	..	0	..	0	..	0	..	..	0	0	..	..	..	..	..	..	..	..	0	..	..	0	0	0	..	..	0	..	..	..	..	..	0	0	0	..	..	0	0	..	0	..	..	..
Fritidshus	Samsø	0	51	0	0	0	0	0	0	0	0	85	74	0	0	86	0	0	149	279	0	0	0	0	0	0	0	0	0	0	258	0	0	..	213	0	0	0	0	0	0	0	0	0	0	0	0	0	0
Fritidshus	Silkeborg	183	124	62	126	0	241	73	153	203	92	77	78	130	99	178	0	276	106	228	182	..	192	232	0	456	357	66	476	233	343	236	0	280	287	226	373	448	89	421	324	393	343	415	0	296	0	0	0
Fritidshus	Skanderborg	0	0	..	..	0	0	0	0	0	0	..	0	..	0	0	0	..	0	0	..	..	0	0	0	..	..	..	..	0	..	0	0	..	..	0	..	0	0	..	..	0	0	0	0	0	0	..	..
Fritidshus	Syddjurs	125	85	86	131	173	123	104	139	139	122	141	160	178	171	166	221	269	181	169	267	270	243	265	314	250	282	199	229	233	247	268	243	350	355	292	342	379	327	237	282	316	154	332	219	306	294	216	327
Fritidshus	Århus	162	101	95	104	148	44	115	57	82	127	95	0	0	81	189	98	163	0	219	0	0	239	313	308	263	263	252	465	283	246	161	384	267	348	289	178	230	367	243	312	387	252	248	439	348	236	189	261
Fritidshus	Landsdel Vestjylland	172	103	100	111	147	106	108	124	157	138	159	156	209	166	179	213	203	206	196	201	296	274	307	330	360	306	226	272	338	222	271	291	394	326	282	332	302	276	316	336	339	316	288	312	379	326	321	367
Fritidshus	Herning	..	0	0	0	..	0	0	0	..	0	0	..	0	0	0	0	..	138	..	0	..	0	0	0	0	0	0	0	0	0	0	..	0	0	..	..	0	0	0	0	0	0	0	0	0	0	0	0
Fritidshus	Holstebro	145	43	93	76	64	71	75	98	86	86	151	129	92	69	94	129	111	178	200	163	349	238	157	366	184	130	160	356	188	200	335	258	414	268	379	459	537	373	337	405	311	275	372	340	344	325	294	129
Fritidshus	Ikast-Brande	..	0	0	..	0	0	0	0	..	0	0	..	..	0	0	..	0	0	0	0	0	0	0	0	0	0	0	0	..	0	0	..	0	0	0	..	..	0	..	0	..	0	0	..	0	..	0	0
Fritidshus	Lemvig	219	76	61	114	169	117	118	124	134	156	128	205	401	195	259	156	157	272	378	0	439	373	596	466	462	578	176	202	714	464	274	0	750	429	495	357	249	351	369	733	718	708	392	480	456	465	228	986
Fritidshus	Ringkøbing-Skjern	168	81	94	100	139	116	102	140	149	132	191	189	230	209	207	258	276	241	208	264	272	285	318	319	420	316	252	283	363	195	251	314	338	299	275	283	270	261	289	247	285	268	234	233	376	332	284	361
Fritidshus	Skive	187	135	130	122	246	102	159	122	239	162	149	78	162	103	100	143	140	87	81	143	271	202	203	223	258	251	210	195	172	202	283	255	315	400	148	412	343	183	368	318	276	186	330	459	385	208	475	191
Fritidshus	Struer	180	242	45	207	61	74	79	58	0	164	76	80	0	0	221	0	0	290	109	0	0	420	294	0	0	286	286	0	0	186	157	0	0	305	215	0	0	386	328	0	0	487	284	193	0	0	0	0
Fritidshus	Viborg	67	0	0	0	0	112	0	0	0	182	96	..	0	79	162	0	0	0	0	0	0	0	0	0	0	185	214	0	..	0	0	..	0	0	0	0	0	0	0	0	0	0	0	..	0	0	0	0
Fritidshus	Region Nordjylland	185	137	109	131	147	137	99	127	162	144	140	160	204	178	176	199	231	209	235	305	225	289	305	345	360	301	306	411	337	348	328	348	393	355	302	378	397	384	314	340	393	297	376	449	382	383	356	333
Fritidshus	Landsdel Nordjylland	185	137	109	131	147	137	99	127	162	144	140	160	204	178	176	199	231	209	235	305	225	289	305	345	360	301	306	411	337	348	328	348	393	355	302	378	397	384	314	340	393	297	376	449	382	383	356	333
Fritidshus	Brønderslev	..	0	..	0	0	0	0	..	..	0	0	0	0	..	0	0	..	0	0	..	0	..	0	0	..	0	0	0	..	..	0	..	..	0	..	0	0	0	..	0	0	0	..	0	..	0	0	..
Fritidshus	Frederikshavn	166	155	106	150	167	157	113	117	242	153	164	162	247	147	159	187	307	117	357	271	249	335	332	366	321	321	281	350	323	498	461	455	536	330	233	629	322	329	506	278	382	415	395	399	285	375	434	427
Fritidshus	Hjørring	223	104	108	148	166	114	110	165	151	144	148	161	179	181	207	211	209	223	199	244	194	290	294	350	368	365	292	586	280	342	276	454	321	382	339	370	414	456	293	403	502	218	419	405	334	489	368	288
Fritidshus	Jammerbugt	142	119	92	123	150	100	100	112	146	157	141	159	202	205	190	219	203	244	179	264	218	312	334	438	337	265	294	351	378	291	387	402	426	325	290	301	563	322	330	255	350	233	383	425	361	347	314	286
Fritidshus	Læsø	0	0	0	0	0	370	0	0	0	71	192	0	211	265	0	0	0	0	285	0	0	0	308	0	0	427	0	0	0	355	0	212	0	838	0	0	0	0	0	0	..	0	295	0	..	290	266	0
Fritidshus	Mariagerfjord	190	107	99	69	156	195	69	130	96	150	158	138	217	183	178	245	257	213	170	534	307	271	350	278	402	280	256	347	346	225	283	268	314	367	227	310	359	467	237	353	294	421	354	295	458	250	392	409
Fritidshus	Morsø	0	0	0	0	239	142	0	0	0	115	138	0	0	0	109	0	0	76	0	0	0	0	0	0	0	252	0	..	0	0	0	0	0	0	0	0	0	0	0	..	0	0	0	..	..	0	0	0
Fritidshus	Rebild	..	..	..	..	..	..	0	..	..	..	..	..	..	..	..	..	0	..	..	..	..	..	0	..	..	..	..	..	..	..	..	..	..	..	..	..	..	..	0	..	..	..	..	..	..	..	..	..
Fritidshus	Thisted	183	144	86	134	132	144	78	169	119	141	118	170	261	142	179	184	220	170	260	393	251	282	313	225	307	277	400	432	344	341	259	297	421	386	387	600	415	350	320	416	306	231	326	318	488	467	263	392
Fritidshus	Vesthimmerlands	230	169	80	95	125	191	109	119	168	156	154	92	132	188	184	161	139	199	273	352	0	216	218	224	438	287	292	245	333	494	200	226	428	358	334	206	212	419	450	386	335	351	414	618	476	234	442	337
Fritidshus	Aalborg	189	146	101	124	112	105	76	94	170	128	107	194	188	149	126	171	243	229	261	255	226	306	287	347	305	283	342	432	336	320	336	244	350	277	249	362	278	397	142	300	499	330	380	670	384	437	386	310
