ejendomskategori	postnumre	2004K1	2004K2	2004K3	2004K4	2005K1	2005K2	2005K3	2005K4	2006K1	2006K2	2006K3	2006K4	2007K1	2007K2	2007K3	2007K4	2008K1	2008K2	2008K3	2008K4	2009K1	2009K2	2009K3	2009K4	2010K1	2010K2	2010K3	2010K4	2011K1	2011K2	2011K3	2011K4	2012K1	2012K2	2012K3	2012K4	2013K1	2013K2	2013K3	2013K4	2014K1	2014K2	2014K3	2014K4	2015K1	2015K2	2015K3	2015K4	
Parcel-/rækkehus	7650 Bøvlingbjerg	0	414	0	0	221	0	0	0	0	122	0	0	0	0	0	0	0	0	144	0	0	0	..	0	0	0	0	..	..	..	0	0	0	0	..	0	0	0	..	0	0	0	..	0	0	0	0	0
Parcel-/rækkehus	7660 Bækmarksbro	0	151	..	0	0	117	0	0	0	62	203	109	0	0	0	0	217	0	0	0	0	0	0	0	0	0	0	..	..	0	0	..	..	0	0	0	0	0	..	0	204	0	0	..	0	..	..	0
Parcel-/rækkehus	7673 Harboøre	137	302	0	0	0	0	156	244	170	96	0	230	0	0	295	161	117	119	251	0	0	267	0	0	0	0	0	0	..	0	314	0	0	..	0	0	0	..	0	0	..	0	0	0	0	0	0	0
Parcel-/rækkehus	7680 Thyborøn	0	0	..	..	0	0	267	229	96	99	239	77	179	296	172	224	0	0	0	137	0	0	84	224	0	0	165	349	0	152	0	0	128	0	0	0	..	..	0	0	0	0	0	0	337	0	0	0
Parcel-/rækkehus	7700 Thisted	154	173	87	190	117	102	165	134	102	133	126	159	119	120	93	138	150	115	112	131	174	126	144	160	180	195	185	256	257	164	222	278	235	238	259	236	199	213	246	249	294	285	282	311	311	292	222	295
Parcel-/rækkehus	7730 Hanstholm	0	174	0	0	0	362	177	309	354	113	0	184	113	160	138	160	135	146	198	0	401	0	189	0	0	0	100	355	0	0	186	0	401	0	330	0	0	238	0	286	0	249	0	205	0	0	0	0
Parcel-/rækkehus	7741 Frøstrup	0	0	0	0	0	0	0	0	0	0	0	0	0	0	153	0	0	0	0	0	0	0	..	0	0	0	..	..	0	..	0	0	0	0	0	0	0	0	0	0	0	0	0	0	264	0	..	0
Parcel-/rækkehus	7742 Vesløs	0	0	0	0	0	..	61	0	0	0	79	85	0	0	0	202	0	0	132	0	0	0	0	0	0	0	0	0	0	..	0	0	..	0	..	..	0	0	0	0	0	..	0	0	..	0	0	..
Parcel-/rækkehus	7752 Snedsted	174	228	227	209	245	145	141	213	91	162	184	219	129	167	108	279	233	147	131	106	493	175	0	218	163	155	301	166	233	329	186	533	247	0	250	124	0	324	371	338	193	231	353	257	0	0	0	0
Parcel-/rækkehus	7755 Bedsted Thy	170	0	236	264	199	0	51	0	58	261	392	174	286	270	68	178	127	112	49	0	200	0	277	0	132	0	0	302	0	0	237	0	0	0	0	0	0	269	373	421	270	0	0	0	0	0	0	0
Parcel-/rækkehus	7760 Hurup Thy	184	140	113	171	154	162	207	204	110	143	236	61	93	94	144	82	95	87	70	62	130	234	187	144	194	121	232	260	152	133	73	295	0	56	108	0	451	380	0	276	272	171	235	255	339	218	360	205
Parcel-/rækkehus	7770 Vestervig	0	276	0	0	0	182	0	185	0	292	0	0	..	141	0	0	0	0	0	81	0	0	243	0	0	0	0	0	..	0	0	0	0	0	0	0	0	0	0	0	0	462	0	0	0	0	0	..
Parcel-/rækkehus	7790 Thyholm	161	0	0	297	322	255	0	180	151	130	216	0	177	96	94	0	0	112	151	146	296	0	0	189	266	355	0	130	0	331	0	0	0	0	100	0	333	391	178	0	322	433	0	284	239	268	227	0
Parcel-/rækkehus	7800 Skive	94	115	130	164	136	114	80	84	82	63	56	61	67	105	100	72	144	60	63	92	102	107	102	85	197	131	157	115	221	97	166	108	195	105	162	212	330	205	234	243	165	184	196	200	168	197	141	265
Parcel-/rækkehus	7830 Vinderup	146	221	298	159	218	210	136	190	154	222	163	135	177	183	78	201	154	79	90	159	133	181	168	210	112	206	169	304	183	112	217	0	435	267	144	380	429	367	456	277	302	227	469	394	282	385	244	252
Parcel-/rækkehus	7840 Højslev	116	78	0	121	65	99	96	223	76	115	85	101	108	107	22	0	47	47	73	60	207	105	169	201	180	200	215	228	237	0	204	0	326	134	186	326	0	164	360	0	323	172	274	246	352	83	325	0
Parcel-/rækkehus	7850 Stoholm Jyll	88	0	56	101	125	87	106	148	150	33	72	129	169	66	84	81	76	139	91	118	0	138	0	267	0	0	239	0	104	173	139	0	0	0	296	0	0	131	178	0	0	191	101	161	0	0	0	0
Parcel-/rækkehus	7860 Spøttrup	146	187	207	133	243	258	177	220	115	332	100	138	270	105	193	169	155	197	111	106	179	151	147	138	128	135	207	232	199	213	0	287	0	0	664	0	0	320	0	163	0	268	325	107	0	0	0	0
Parcel-/rækkehus	7870 Roslev	192	204	206	178	283	213	226	164	207	292	187	176	130	113	203	108	113	134	104	58	186	158	166	200	240	186	251	331	135	218	240	344	288	234	169	355	373	365	204	237	402	296	100	344	217	262	299	361
Parcel-/rækkehus	7884 Fur	0	0	0	0	0	0	0	0	0	127	319	..	..	0	0	0	0	..	..	0	0	0	0	0	..	..	0	0	0	0	0	0	0	..	0	0	..	0	..	0	0	0	..	0	..	0	0	0
Parcel-/rækkehus	7900 Nykøbing M	167	179	131	238	260	178	159	121	202	135	134	157	101	137	124	163	184	136	146	126	127	157	129	174	179	231	197	162	300	237	229	203	211	141	282	227	232	294	191	267	248	458	225	372	362	304	260	222
Parcel-/rækkehus	7950 Erslev	187	0	0	254	136	0	96	107	109	97	102	188	304	134	148	192	139	211	136	95	0	134	157	0	159	166	155	0	0	200	0	233	418	0	0	0	226	209	508	190	0	419	328	0	0	0	0	0
Parcel-/rækkehus	7960 Karby	0	0	0	0	0	0	0	0	206	106	0	0	196	68	..	199	0	0	0	0	0	0	0	..	..	..	0	0	0	0	0	0	..	..	0	..	0	0	0	..	0	0	0	..	0	0	0	..
Parcel-/rækkehus	7970 Redsted M	0	..	0	0	..	0	0	0	0	0	58	0	0	0	0	0	0	0	0	0	0	0	0	0	0	..	0	0	0	..	..	..	0	..	..	0	..	0	0	0	0	..	0	0	..	..	0	..
Parcel-/rækkehus	7980 Vils	0	..	..	0	..	0	..	0	..	..	0	..	0	0	0	117	..	0	0	..	0	0	0	0	..	..	0	0	..	536	0	..	0	0	0	0	0	..	0	0	..	..	..	0	..	..	..	..
Parcel-/rækkehus	7990 Øster Assels	233	0	0	0	0	0	255	111	0	262	0	0	0	122	0	238	0	0	130	0	0	0	0	0	0	0	0	0	0	0	0	..	..	0	..	..	0	0	..	0	..	..	0	0	0	0	0	0
Parcel-/rækkehus	8000 Århus C	172	147	40	45	75	22	44	45	71	59	0	0	113	241	144	0	94	88	185	0	0	117	154	156	157	146	132	158	154	138	81	0	156	186	119	186	138	183	98	130	181	253	183	130	152	154	64	44
Parcel-/rækkehus	8200 Århus N	86	105	53	77	111	52	53	48	123	55	76	0	76	132	103	147	135	112	223	186	0	152	209	181	74	124	158	160	149	117	100	126	201	114	174	217	157	94	154	117	134	72	96	179	88	73	65	81
Parcel-/rækkehus	8210 Århus V	91	113	62	76	52	41	64	47	74	87	92	115	138	150	132	175	137	155	145	161	208	167	136	95	76	120	67	103	140	94	110	147	185	156	126	119	146	131	173	93	161	108	77	116	95	93	73	44
Parcel-/rækkehus	8220 Brabrand	129	123	135	91	71	67	60	119	90	125	105	0	102	143	118	158	129	142	162	196	203	228	242	201	192	146	108	211	100	114	135	122	164	186	126	188	138	136	138	134	136	185	95	85	127	101	84	97
Parcel-/rækkehus	8230 Åbyhøj	101	92	98	77	57	51	58	41	71	80	97	132	116	162	110	111	113	101	139	282	136	136	181	205	136	133	121	142	105	97	81	113	148	103	96	106	99	93	123	96	134	116	105	91	98	141	91	109
Parcel-/rækkehus	8240 Risskov	134	53	83	71	102	77	51	55	53	52	54	93	112	108	123	154	140	178	145	129	180	215	147	204	214	152	153	138	158	168	94	122	183	152	162	142	190	162	147	149	188	157	141	126	129	106	109	144
Parcel-/rækkehus	8250 Egå	95	77	45	97	90	90	71	55	58	94	96	67	110	130	126	134	165	173	125	0	278	148	130	162	213	193	126	360	137	108	104	147	181	107	122	196	195	189	107	172	171	156	190	87	112	129	113	98
Parcel-/rækkehus	8260 Viby J	84	101	90	81	60	75	56	42	67	54	71	93	82	73	136	154	156	163	177	169	153	167	162	231	217	156	147	181	148	119	125	113	146	188	151	160	196	200	100	97	176	120	165	184	143	190	104	107
Parcel-/rækkehus	8270 Højbjerg	132	118	99	56	64	40	61	62	63	51	89	87	132	110	157	175	161	138	149	239	216	184	229	239	251	191	91	151	138	97	180	176	143	177	223	161	214	171	228	234	165	169	105	169	132	170	109	150
Parcel-/rækkehus	8300 Odder	133	146	151	110	86	124	110	74	72	67	70	129	115	150	158	186	196	229	186	211	261	205	233	296	246	163	289	199	322	152	192	247	233	214	344	244	378	332	332	214	333	251	206	298	319	219	227	214
Parcel-/rækkehus	8305 Samsø	165	138	115	413	0	121	85	206	198	0	81	49	94	107	87	85	84	161	96	0	243	355	158	273	186	290	158	77	123	304	422	228	265	206	0	369	397	0	260	385	0	191	162	477	529	357	120	243
Parcel-/rækkehus	8310 Tranbjerg J	98	82	65	33	28	51	35	42	44	39	38	123	119	103	83	132	163	134	162	173	222	227	207	168	202	141	157	174	161	200	147	134	111	150	184	181	180	159	117	109	128	170	181	184	110	85	88	91
Parcel-/rækkehus	8320 Mårslet	47	75	12	0	42	56	70	61	66	82	59	0	200	211	172	134	144	237	0	180	166	279	193	336	203	152	75	112	232	125	93	133	163	208	215	256	213	215	114	138	147	92	132	161	137	112	107	71
Parcel-/rækkehus	8330 Beder	93	0	0	20	0	0	35	95	89	0	0	0	88	88	140	166	193	252	247	0	177	0	184	125	122	197	130	231	0	110	311	198	0	0	136	223	0	290	0	230	157	115	167	186	126	183	82	162
Parcel-/rækkehus	8340 Malling	56	0	0	0	181	61	0	0	0	0	115	0	127	193	0	0	..	182	0	0	0	330	381	180	168	156	76	304	178	151	0	163	181	0	0	145	163	0	284	404	206	194	0	0	177	0	0	0
Parcel-/rækkehus	8350 Hundslund	166	253	0	166	133	198	110	0	0	134	0	0	0	0	126	0	101	0	0	0	..	0	0	0	0	0	235	0	0	0	..	0	0	0	0	0	0	..	..	0	0	0	..	0	0	0	..	0
Parcel-/rækkehus	8355 Solbjerg	131	56	50	67	83	44	0	57	40	0	45	155	63	126	78	129	150	124	0	0	0	0	274	211	158	414	190	76	0	156	152	207	252	0	290	151	251	149	219	177	127	241	164	300	247	286	236	169
Parcel-/rækkehus	8361 Hasselager	157	81	94	74	77	31	45	62	86	37	68	84	93	101	158	148	244	202	199	282	294	319	243	411	295	187	196	211	199	157	96	0	207	229	134	90	184	151	204	206	184	275	201	349	297	225	150	102
Parcel-/rækkehus	8362 Hørning	89	119	123	53	46	62	78	73	31	86	59	91	93	130	109	135	172	180	220	202	137	255	241	313	306	180	163	124	209	114	136	166	185	171	163	215	291	174	82	237	256	234	76	306	202	123	109	144
Parcel-/rækkehus	8370 Hadsten	182	197	163	117	86	79	94	95	70	108	94	96	111	126	99	119	181	190	208	234	172	213	191	114	211	143	231	168	152	125	166	166	159	275	180	152	329	132	129	192	202	103	128	152	151	164	117	163
Parcel-/rækkehus	8380 Trige	90	99	51	89	105	91	117	111	145	91	0	0	0	0	173	0	0	100	0	219	0	313	168	0	0	110	155	156	0	133	..	267	169	0	222	0	0	129	147	196	175	101	0	90	179	98	0	0
Parcel-/rækkehus	8381 Tilst	119	111	59	78	82	52	42	62	62	69	106	115	130	121	139	115	155	122	188	123	94	110	241	176	155	144	132	153	171	105	147	116	139	85	90	85	136	98	117	148	93	161	116	99	79	74	100	99
Parcel-/rækkehus	8382 Hinnerup	94	138	61	95	73	50	50	55	92	48	59	78	112	93	136	75	142	119	136	98	197	171	154	133	125	120	116	101	128	93	84	136	151	87	131	95	165	81	120	101	94	84	103	146	132	175	128	62
Parcel-/rækkehus	8400 Ebeltoft	149	167	92	132	149	131	156	110	105	101	86	140	190	184	155	128	239	174	185	164	190	300	230	357	281	235	205	235	246	271	245	363	261	255	231	311	268	424	344	278	175	285	143	308	234	267	214	220
Parcel-/rækkehus	8410 Rønde	225	134	129	70	110	102	62	90	76	94	122	100	88	144	177	177	212	101	160	200	224	296	216	218	260	294	129	160	218	84	292	235	306	211	239	265	295	210	327	202	103	236	165	252	237	167	138	232
Parcel-/rækkehus	8420 Knebel	280	64	0	283	198	88	134	34	186	134	84	214	184	0	81	0	151	77	187	0	..	161	..	315	0	0	101	0	0	0	0	225	0	0	115	398	0	0	223	0	..	0	179	321	0	0	0	0
Parcel-/rækkehus	8444 Balle	0	166	0	261	0	103	153	0	0	124	0	0	128	0	0	0	0	72	..	0	0	0	0	0	0	0	0	0	..	0	0	0	0	0	0	0	..	0	0	0	0	0	0	0	0	0	0	..
Parcel-/rækkehus	8450 Hammel	68	100	110	87	102	74	137	86	103	58	61	69	115	153	135	119	126	168	116	270	156	157	173	255	184	122	175	164	166	167	123	123	176	167	170	137	140	130	148	167	175	169	193	164	216	121	188	218
Parcel-/rækkehus	8462 Harlev J	126	108	105	0	96	70	63	113	0	114	72	0	81	112	121	177	165	208	0	0	155	212	0	130	79	108	77	75	65	155	198	222	219	178	23	219	204	313	96	258	118	147	308	214	201	109	120	131
Parcel-/rækkehus	8464 Galten	146	128	150	94	81	75	53	68	84	70	91	159	133	139	132	125	169	133	141	151	195	174	133	122	318	148	118	143	167	163	104	185	282	245	135	108	227	216	148	148	166	186	256	201	190	154	127	183
Parcel-/rækkehus	8471 Sabro	191	192	0	188	0	95	63	135	60	128	109	126	168	128	164	112	201	196	176	0	262	188	95	190	197	140	83	256	225	281	64	98	120	270	95	145	0	0	0	187	86	195	156	82	142	190	239	244
Parcel-/rækkehus	8472 Sporup	..	145	0	0	0	70	0	0	15	39	0	0	..	0	..	0	..	0	0	0	0	0	0	0	0	0	0	0	148	0	157	..	0	0	239	0	0	0	..	0	..	..	0	0	..	0	0	0
Parcel-/rækkehus	8500 Grenaa	127	173	213	170	158	148	98	97	79	107	76	80	82	88	68	78	100	104	75	152	116	154	149	186	178	189	219	219	182	246	179	163	259	170	264	268	243	265	180	139	316	223	150	143	275	222	308	200
Parcel-/rækkehus	8520 Lystrup	114	125	47	82	82	91	56	61	0	79	119	0	148	131	115	100	181	160	151	261	166	214	239	165	151	113	124	51	135	76	136	170	166	201	191	175	180	192	112	168	111	126	186	207	142	90	155	119
Parcel-/rækkehus	8530 Hjortshøj	0	177	50	216	74	60	0	37	58	69	0	80	0	125	98	127	97	188	138	135	0	142	261	0	298	78	129	0	112	226	202	283	0	148	83	99	275	157	67	288	195	55	262	133	164	196	92	219
Parcel-/rækkehus	8541 Skødstrup	162	66	52	66	81	114	125	68	60	88	115	74	105	165	136	141	146	130	121	223	216	170	128	285	176	194	142	271	108	165	123	131	150	225	192	188	201	192	168	184	171	353	144	154	145	183	186	149
Parcel-/rækkehus	8543 Hornslet	114	108	64	80	82	57	69	47	72	57	72	72	115	165	134	139	186	108	152	128	314	221	153	206	289	186	172	92	118	114	180	220	179	147	181	246	234	86	171	139	229	170	331	189	139	134	129	107
Parcel-/rækkehus	8544 Mørke	92	121	154	97	71	105	0	76	101	51	0	0	91	64	152	174	138	203	109	141	0	163	269	173	0	213	199	125	173	83	212	0	299	193	202	0	0	212	249	0	..	311	125	117	0	0	0	0
Parcel-/rækkehus	8550 Ryomgård	107	121	120	126	144	154	100	166	62	44	62	64	110	104	118	179	93	202	177	0	186	177	205	0	329	253	359	0	195	229	213	249	319	308	0	0	150	247	247	149	193	339	0	0	239	0	0	0
Parcel-/rækkehus	8560 Kolind	172	124	123	102	138	81	98	59	212	61	216	81	96	51	111	96	54	136	0	0	155	211	0	0	148	215	234	0	0	0	0	238	0	0	333	0	0	0	175	444	217	0	0	0	186	0	0	0
Parcel-/rækkehus	8570 Trustrup	0	128	..	139	149	285	125	78	0	97	169	101	71	115	95	0	0	0	130	0	..	0	0	0	0	0	333	0	0	0	0	0	0	0	0	0	0	0	0	0	0	332	358	0	0	0	0	0
Parcel-/rækkehus	8581 Nimtofte	0	0	0	0	74	0	120	229	0	0	0	0	0	0	116	143	0	261	0	..	..	..	0	..	0	..	..	0	..	..	..	0	..	0	0	..	..	0	0	0	0	0	..	0	0	..	..	0
Parcel-/rækkehus	8585 Glesborg	0	209	224	205	122	228	133	151	0	118	70	182	0	143	0	141	178	88	74	0	204	87	193	180	145	0	185	209	0	52	366	535	285	0	456	123	0	148	0	0	0	0	147	525	252	0	0	0
Parcel-/rækkehus	8586 Ørum Djurs	281	300	253	0	0	82	136	179	117	0	138	0	115	127	90	100	0	76	0	0	0	0	0	0	..	0	0	0	278	0	0	0	0	0	0	0	0	0	0	0	..	0	..	0	126	0	0	0
Parcel-/rækkehus	8592 Anholt	..	0	..	..	..	..	..	..	..	..	..	..	..	..	..	..	..	..	..	..	..	0	..	..	..	..	..	..	..	..	..	0	..	0	0	..	..	..	..	..	..	..	..	..	..	0	0	0
Parcel-/rækkehus	8600 Silkeborg	132	127	108	101	106	101	90	89	73	62	68	85	104	83	90	102	128	134	131	179	169	187	171	209	194	191	178	222	201	199	155	224	217	209	237	221	235	216	240	218	238	219	216	206	208	162	162	173
Parcel-/rækkehus	8620 Kjellerup	165	109	109	114	188	127	228	106	131	129	101	85	125	73	88	82	122	75	111	97	227	135	172	205	250	81	173	181	221	294	207	246	269	284	256	247	392	156	287	267	304	225	246	186	346	251	221	490
Parcel-/rækkehus	8632 Lemming	0	0	..	..	0	194	337	..	0	135	0	0	0	0	0	0	0	83	0	0	..	0	0	0	0	0	0	0	..	0	0	..	..	0	0	..	..	..	0	..	0	0	0	0	0	..	0	0
Parcel-/rækkehus	8641 Sorring	..	0	0	0	0	0	0	0	..	0	0	0	0	89	0	..	0	0	0	0	0	0	186	0	129	0	121	186	0	0	0	..	0	0	0	..	0	0	122	0	0	0	0	149	183	..	0	0
Parcel-/rækkehus	8643 Ans By	0	0	0	0	293	140	46	133	0	42	97	0	183	54	34	0	94	104	..	0	0	0	0	0	0	193	180	0	0	0	0	0	0	257	0	0	0	0	0	0	0	0	0	0	0	0	0	0
Parcel-/rækkehus	8653 Them	70	89	175	109	208	139	96	41	67	39	61	68	120	94	96	124	117	78	178	0	0	0	222	0	185	222	179	0	238	0	197	160	321	170	181	0	0	250	185	269	0	134	252	0	233	0	0	0
Parcel-/rækkehus	8654 Bryrup	123	139	0	159	131	209	216	128	84	117	84	0	205	17	234	200	132	102	0	0	..	0	0	0	131	0	0	0	312	0	0	258	0	0	129	0	0	0	0	0	0	0	0	0	402	0	0	0
Parcel-/rækkehus	8660 Skanderborg	120	115	146	151	133	161	80	111	116	98	86	105	122	136	124	141	195	173	155	120	283	185	273	276	321	225	318	277	177	253	249	194	331	230	232	300	227	195	221	269	193	182	237	210	204	160	206	222
Parcel-/rækkehus	8670 Låsby	86	124	102	165	141	123	90	145	0	97	44	0	53	0	83	0	159	133	0	0	0	91	..	0	375	0	0	0	0	354	0	247	0	0	0	0	0	0	0	0	423	0	0	224	0	0	0	0
Parcel-/rækkehus	8680 Ry	142	138	66	98	88	123	179	87	149	45	85	92	120	134	155	205	137	157	153	160	0	166	246	175	284	242	360	203	254	262	89	280	233	258	320	212	325	216	146	186	468	206	292	232	285	169	195	323
Parcel-/rækkehus	8700 Horsens	115	113	113	88	99	80	85	70	82	72	84	82	123	142	120	136	150	137	161	169	202	178	187	184	203	200	163	192	190	199	142	200	207	205	168	232	178	234	208	191	227	220	162	186	205	161	178	174
Parcel-/rækkehus	8721 Daugård	0	132	170	0	0	0	77	0	56	0	68	0	0	0	..	71	231	0	0	0	0	0	0	0	0	..	0	0	0	0	0	0	0	417	0	0	0	0	..	0	0	454	323	0	0	0	0	0
Parcel-/rækkehus	8722 Hedensted	164	72	55	68	88	94	90	56	97	82	75	37	77	118	151	138	87	128	155	163	168	371	211	228	164	279	216	227	165	253	140	149	185	188	199	150	211	67	172	152	212	153	128	233	326	151	156	235
Parcel-/rækkehus	8723 Løsning	78	107	124	137	124	90	56	28	40	80	77	50	96	101	87	109	114	118	122	165	142	182	174	258	155	136	67	165	203	167	79	152	278	248	210	373	332	186	155	229	200	323	158	183	282	306	336	225
Parcel-/rækkehus	8732 Hovedgård	114	0	0	230	99	52	23	69	73	84	101	86	57	84	119	111	115	165	0	0	189	162	304	0	0	346	191	128	270	235	149	0	0	177	0	..	0	166	0	0	0	208	0	0	317	0	0	0
Parcel-/rækkehus	8740 Brædstrup	79	130	90	119	117	224	129	164	176	74	57	77	109	127	102	92	123	122	141	0	173	192	173	240	243	159	240	96	259	185	195	217	88	221	187	255	276	306	208	294	204	233	296	339	332	165	245	195
Parcel-/rækkehus	8751 Gedved	153	93	100	122	0	88	99	80	0	76	59	0	119	148	0	112	0	104	116	143	0	210	0	0	0	0	289	0	0	142	0	0	110	156	619	0	0	109	0	0	233	260	0	0	264	0	0	0
Parcel-/rækkehus	8752 Østbirk	74	116	143	82	0	124	156	108	129	65	136	147	147	180	75	0	198	225	0	169	215	199	0	0	225	148	0	0	264	0	195	0	222	177	0	0	0	259	0	0	0	235	178	207	0	0	0	0
Parcel-/rækkehus	8762 Flemming	0	0	..	110	0	..	225	0	119	0	0	0	95	32	69	0	0	215	0	0	..	0	0	0	0	0	0	0	0	0	0	0	0	0	..	0	0	0	..	..	0	..	0	0	0	0	0	0
Parcel-/rækkehus	8763 Rask Mølle	280	0	0	0	0	155	0	89	136	0	87	137	0	149	0	0	93	150	169	0	0	0	172	0	116	0	0	0	0	0	..	0	0	0	0	0	0	..	0	0	0	0	0	0	0	0	0	0
Parcel-/rækkehus	8765 Klovborg	0	0	0	0	0	0	0	0	0	..	0	..	..	0	0	0	0	0	..	..	0	0	0	0	97	..	0	0	0	0	0	0	..	0	0	..	0	0	0	..	0	..	..	0	0	0	0	0
Parcel-/rækkehus	8766 Nørre Snede	0	153	0	0	0	74	0	237	0	0	0	59	78	142	69	88	0	86	0	..	0	92	0	256	0	194	94	0	0	0	0	0	219	0	0	280	0	0	0	0	0	488	0	0	0	0	0	0
Parcel-/rækkehus	8781 Stenderup	0	0	0	0	0	0	97	0	..	0	0	0	..	0	0	0	0	..	0	0	0	..	0	..	0	0	0	0	0	0	0	0	0	..	..	..	..	0	0	..	0	0	0	0	0	0	0	0
Parcel-/rækkehus	8783 Hornsyld	0	96	250	0	189	94	77	0	62	100	54	73	0	151	98	147	0	124	96	171	214	0	280	217	275	186	0	0	368	0	236	0	227	155	0	284	0	0	286	0	0	377	506	0	443	0	0	0
Parcel-/rækkehus	8800 Viborg	114	174	124	131	197	139	124	158	122	105	97	92	105	95	94	104	116	108	122	206	196	186	164	168	207	194	145	223	170	169	179	171	184	208	199	191	196	236	203	196	189	203	176	210	232	181	185	138
Parcel-/rækkehus	8830 Tjele	194	212	93	206	188	112	208	153	165	98	146	143	80	132	101	122	168	100	85	132	154	199	130	174	183	115	209	113	118	92	248	186	255	228	210	192	199	178	286	219	382	195	223	267	320	322	183	417
Parcel-/rækkehus	8831 Løgstrup	162	62	0	253	202	152	128	70	88	118	193	0	160	131	174	137	128	122	..	123	0	0	0	0	127	71	0	172	0	0	0	0	240	76	102	252	0	0	264	0	0	..	0	323	229	0	0	0
Parcel-/rækkehus	8832 Skals	0	193	0	181	162	134	88	124	97	210	165	103	92	100	125	0	113	126	100	0	135	187	157	0	287	149	0	0	292	269	0	170	205	80	321	0	0	351	549	0	204	231	0	0	175	0	0	0
Parcel-/rækkehus	8840 Rødkærsbro	..	244	0	52	0	268	116	106	92	86	70	118	112	0	60	56	155	54	107	0	0	0	0	0	163	0	0	0	0	0	0	0	0	210	0	86	0	0	0	0	0	0	0	0	193	0	0	0
Parcel-/rækkehus	8850 Bjerringbro	235	221	202	174	194	165	136	130	151	74	95	127	104	104	114	111	91	103	77	140	150	101	121	133	226	193	222	162	204	180	162	222	285	153	213	183	154	149	204	311	211	163	156	283	228	303	225	240
Parcel-/rækkehus	8860 Ulstrup	132	200	192	165	136	179	203	101	90	98	160	149	73	104	80	100	97	139	141	144	100	267	146	247	246	84	289	0	311	216	186	0	199	157	0	211	0	94	200	282	273	137	182	292	239	133	219	0
Parcel-/rækkehus	8870 Langå	140	145	147	143	125	163	70	70	80	78	98	163	100	105	87	124	117	137	168	138	183	211	159	218	210	238	161	296	271	165	192	178	206	166	173	61	226	140	193	251	182	264	146	244	160	168	164	189
Parcel-/rækkehus	8881 Thorsø	0	80	157	0	56	61	70	92	18	37	0	0	61	114	123	102	70	107	131	154	0	209	188	130	180	0	0	170	0	0	0	0	0	200	228	437	147	104	297	0	0	309	331	195	193	242	0	0
Parcel-/rækkehus	8882 Fårvang	0	244	0	150	0	87	112	0	81	0	45	0	0	68	155	0	0	210	0	0	0	0	0	0	0	0	164	0	..	0	0	0	0	261	0	0	0	111	0	0	267	0	..	196	340	369	0	0
Parcel-/rækkehus	8883 Gjern	0	0	0	0	0	320	64	0	0	0	0	0	0	0	80	55	0	133	305	0	0	0	0	0	139	0	0	0	0	0	0	0	0	0	0	0	0	0	0	0	0	0	239	0	0	0	0	0
Parcel-/rækkehus	8900 Randers C	0	0	0	43	30	0	150	88	0	0	72	92	115	82	183	0	227	258	0	0	0	0	303	..	0	0	0	0	230	0	0	0	0	0	205	0	0	163	230	0	0	307	0	0	192	0	0	0
Parcel-/rækkehus	8920 Randers NV	151	144	147	149	113	97	98	90	86	83	93	75	96	118	128	126	163	138	133	174	186	194	245	185	189	206	168	166	167	134	209	193	230	233	227	239	189	187	176	193	170	181	162	156	160	156	173	197
Parcel-/rækkehus	8930 Randers NØ	140	173	120	95	114	123	88	86	74	69	65	98	107	112	106	121	115	121	123	174	160	159	189	158	175	127	158	239	286	186	136	196	365	232	216	179	288	238	141	152	217	363	125	179	214	157	192	163
Parcel-/rækkehus	8940 Randers SV	146	97	97	121	83	55	74	63	107	87	48	116	120	115	131	139	126	122	123	189	154	116	144	204	158	160	181	103	270	164	97	198	157	260	200	204	435	289	140	123	185	158	119	173	158	220	259	274
Parcel-/rækkehus	8950 Ørsted	169	134	180	150	180	161	153	86	114	142	164	315	139	96	78	81	49	153	182	151	0	214	0	181	200	179	0	409	0	0	0	125	0	488	0	283	0	413	0	331	529	597	135	260	0	0	..	0
Parcel-/rækkehus	8960 Randers SØ	113	152	82	77	118	84	91	82	73	84	83	105	122	91	135	91	151	183	154	153	183	175	162	223	179	185	254	153	220	191	118	162	228	253	175	215	185	179	255	224	173	165	211	165	136	129	183	187
Parcel-/rækkehus	8961 Allingåbro	167	156	131	160	100	128	105	287	76	90	124	0	165	80	132	94	96	111	80	0	0	368	237	0	234	309	204	314	219	385	0	311	294	196	237	0	359	275	0	564	204	0	571	290	340	242	299	236
Parcel-/rækkehus	8963 Auning	200	225	252	0	164	144	147	146	69	107	137	98	102	81	77	133	113	161	112	0	221	196	250	169	199	258	295	380	217	0	458	128	194	185	175	193	466	164	0	119	202	100	0	246	196	327	200	274
Parcel-/rækkehus	8970 Havndal	0	192	101	129	144	131	115	180	69	75	88	57	79	74	146	0	223	144	101	0	0	175	0	187	0	57	0	0	0	201	278	0	0	0	357	0	0	0	0	295	0	0	0	311	216	450	0	0
Parcel-/rækkehus	8981 Spentrup	263	116	153	157	104	81	78	74	72	81	88	124	120	82	110	128	94	67	113	146	172	198	145	104	261	241	191	213	342	104	396	268	154	0	203	270	244	174	0	241	216	212	264	396	301	263	0	0
Parcel-/rækkehus	8983 Gjerlev J	171	147	0	126	151	148	149	120	108	74	103	72	92	136	78	89	152	215	86	65	101	124	272	180	181	244	0	212	252	152	106	298	0	317	258	152	141	0	0	0	329	0	0	0	..	0	0	0
Parcel-/rækkehus	8990 Fårup	0	137	156	0	162	116	113	145	107	57	0	156	0	85	114	0	123	124	95	0	202	0	207	0	0	0	141	186	0	330	220	293	0	0	412	0	0	0	132	0	121	189	0	0	0	0	0	0
Parcel-/rækkehus	9000 Aalborg	115	116	107	132	99	89	103	71	92	69	67	96	116	87	119	106	156	123	138	112	147	170	167	168	208	172	183	135	135	157	140	137	178	136	100	172	156	120	129	139	163	101	113	118	139	120	78	120
Parcel-/rækkehus	9200 Aalborg SV	135	135	125	79	108	119	72	60	77	55	108	82	106	87	97	84	147	171	107	72	145	132	123	99	156	229	112	105	121	117	137	120	151	145	133	108	164	126	136	94	273	118	147	107	180	86	147	94
Parcel-/rækkehus	9210 Aalborg SØ	151	82	105	85	134	108	86	84	95	60	63	91	109	77	119	133	140	120	98	77	140	190	227	176	202	133	198	134	157	135	223	155	131	129	137	142	121	109	105	78	133	109	150	88	141	86	39	94
Parcel-/rækkehus	9220 Aalborg Øst	108	151	120	126	105	171	132	50	75	56	76	97	106	106	100	67	73	104	143	128	140	213	174	225	198	175	179	137	261	206	113	108	140	244	145	97	125	111	73	76	90	89	107	159	178	210	78	95
Parcel-/rækkehus	9230 Svenstrup J	83	60	156	68	79	111	52	79	74	55	72	65	61	84	89	111	135	120	98	90	96	156	174	130	227	90	95	128	60	81	140	186	239	113	165	160	111	137	150	102	171	149	106	150	99	256	130	122
Parcel-/rækkehus	9240 Nibe	169	254	229	79	155	203	171	145	138	218	188	171	99	91	94	133	163	120	125	167	126	239	181	194	205	208	200	208	175	150	108	137	126	239	131	309	63	182	173	257	152	224	209	320	222	233	155	148
Parcel-/rækkehus	9260 Gistrup	205	159	134	190	127	105	79	97	122	68	107	71	149	130	153	246	155	116	134	167	134	146	146	184	190	196	223	178	158	177	350	191	241	55	157	219	257	121	255	196	197	107	255	258	264	211	89	86
Parcel-/rækkehus	9270 Klarup	256	148	147	73	80	67	64	110	47	52	0	66	100	98	81	107	185	146	189	0	0	146	145	218	127	178	128	135	217	109	140	142	277	308	0	97	158	349	108	265	252	103	62	126	139	105	53	51
Parcel-/rækkehus	9280 Storvorde	219	184	191	270	175	97	186	152	101	134	147	124	172	106	96	82	79	134	137	116	152	152	194	176	242	203	116	263	160	173	147	338	123	343	106	270	191	318	203	171	0	206	205	336	233	244	359	359
Parcel-/rækkehus	9293 Kongerslev	218	251	0	0	0	147	185	56	0	206	146	0	157	225	149	109	144	123	0	189	203	0	0	258	0	293	0	0	272	0	0	0	0	0	0	0	0	0	294	0	0	0	302	0	0	0	0	0
Parcel-/rækkehus	9300 Sæby	204	165	182	144	195	335	206	196	263	121	106	121	112	182	190	113	132	176	144	146	133	146	155	270	164	221	151	277	299	121	268	194	280	245	283	288	259	264	254	210	326	210	192	223	129	369	247	282
Parcel-/rækkehus	9310 Vodskov	165	143	187	201	109	116	88	96	83	114	91	78	99	117	110	141	100	120	79	129	181	158	264	330	239	128	221	193	183	190	123	187	238	245	169	301	188	262	240	192	138	277	158	232	241	187	235	189
Parcel-/rækkehus	9320 Hjallerup	166	147	0	189	230	212	144	88	75	79	187	116	59	182	113	174	143	164	130	76	173	160	124	124	162	247	226	245	138	155	216	208	122	249	162	224	231	253	416	109	351	238	116	210	199	234	240	231
Parcel-/rækkehus	9330 Dronninglund	172	171	89	117	152	189	158	99	157	127	214	161	176	126	106	133	186	245	142	141	178	299	149	184	339	149	173	261	205	149	221	286	391	150	308	220	239	133	228	219	144	309	308	104	206	107	297	233
Parcel-/rækkehus	9340 Asaa	143	0	0	0	0	69	197	0	203	186	199	0	171	488	0	107	0	0	0	0	0	0	0	0	..	0	247	0	206	0	0	..	0	0	0	..	..	0	0	0	0	0	0	..	0	..	0	0
Parcel-/rækkehus	9352 Dybvad	229	335	..	0	0	0	0	0	0	0	180	0	319	0	0	0	..	0	154	0	0	0	0	0	0	0	..	0	0	0	0	0	0	0	0	0	0	..	0	0	..	0	0	0	0	0	0	..
Parcel-/rækkehus	9362 Gandrup	193	0	146	125	144	162	66	117	146	93	104	0	0	139	97	82	187	139	0	0	119	0	0	121	0	227	367	165	0	0	0	0	350	317	526	0	0	194	0	641	0	160	228	71	233	0	0	0
Parcel-/rækkehus	9370 Hals	199	139	119	164	180	144	131	116	153	132	73	77	85	137	139	210	138	79	240	146	142	187	153	161	385	355	220	267	141	167	238	191	0	325	162	130	109	426	92	104	0	442	248	139	381	167	238	216
Parcel-/rækkehus	9380 Vestbjerg	210	248	102	87	155	107	103	183	0	87	65	117	110	0	60	0	0	0	0	0	0	245	183	0	128	371	105	0	0	36	121	0	90	155	169	0	0	133	230	130	208	323	154	0	165	0	0	0
Ejerlejlighed	7650 Bøvlingbjerg	..	..	..	..	..	..	..	..	..	..	..	..	..	..	..	..	..	..	..	..	..	..	..	..	..	..	..	..	..	..	..	..	..	..	..	..	..	..	..	..	..	..	..	..	..	..	..	..
Ejerlejlighed	7660 Bækmarksbro	..	..	..	..	..	..	..	..	..	..	..	..	..	..	..	..	..	..	..	..	..	..	..	..	..	..	..	..	..	..	..	..	..	..	..	..	..	..	..	..	..	..	..	..	..	..	..	..
Ejerlejlighed	7673 Harboøre	..	..	..	..	..	..	..	..	..	..	..	..	..	..	..	..	..	..	..	..	..	..	..	..	..	..	..	..	..	..	..	..	..	..	..	..	..	..	..	..	..	..	..	..	..	..	..	..
Ejerlejlighed	7680 Thyborøn	..	..	..	..	..	0	..	..	..	..	..	..	..	..	..	..	..	..	0	..	..	..	..	..	..	..	..	..	..	..	..	..	..	..	..	..	..	..	..	..	..	..	..	..	..	..	..	..
Ejerlejlighed	7700 Thisted	136	0	148	258	166	85	0	123	0	0	118	0	153	0	0	163	220	189	0	0	142	0	0	..	0	0	303	0	0	0	209	0	0	..	0	0	0	211	0	0	0	0	0	0	0	0	0	0
Ejerlejlighed	7730 Hanstholm	..	..	..	..	..	..	..	..	..	..	..	..	..	..	..	..	..	..	..	..	..	..	..	..	..	..	..	..	..	..	0	0	..	..	..	..	..	..	0	..	0	0	..	..	..	..	..	..
Ejerlejlighed	7741 Frøstrup	..	..	..	..	..	..	..	..	..	..	..	..	..	..	..	..	..	..	..	..	..	..	..	..	..	..	..	..	..	..	..	..	..	..	..	..	..	..	..	..	..	..	..	..	..	..	..	..
Ejerlejlighed	7742 Vesløs	..	..	..	..	..	..	..	..	..	..	..	..	..	..	..	..	..	..	..	..	..	..	..	..	..	..	..	..	..	..	..	..	..	..	..	..	0	..	..	..	..	..	..	0	..	..	..	..
Ejerlejlighed	7752 Snedsted	..	..	..	0	..	0	..	..	..	..	..	..	0	..	..	..	..	..	..	..	..	..	..	0	..	..	0	0	..	..	..	..	..	..	..	..	..	..	..	..	..	..	..	..	..	..	..	..
Ejerlejlighed	7755 Bedsted Thy	..	..	..	..	..	..	..	..	..	..	..	..	..	..	..	..	..	..	..	..	..	..	..	..	..	..	..	..	..	..	..	..	..	..	..	..	..	..	..	..	..	..	..	..	..	..	..	..
Ejerlejlighed	7760 Hurup Thy	..	..	..	..	..	..	..	..	..	..	..	..	..	..	0	..	..	..	..	..	..	..	..	..	..	..	..	..	..	..	..	..	..	..	..	..	0	..	..	..	..	..	..	..	..	..	..	..
Ejerlejlighed	7770 Vestervig	..	..	..	..	..	..	..	..	..	..	..	0	..	0	0	0	..	0	0	..	0	..	..	0	0	0	0	0	0	..	..	0	0	0	0	0	..	0	0	0	0	0	..	..	..	0	0	..
Ejerlejlighed	7790 Thyholm	..	..	..	..	..	..	..	..	0	..	..	..	..	..	..	..	..	..	..	..	..	..	..	..	..	..	..	..	..	..	..	..	..	..	..	..	..	..	..	..	..	..	..	..	..	..	..	..
Ejerlejlighed	7800 Skive	0	109	0	0	261	0	0	0	0	0	0	0	0	0	0	0	0	0	42	0	0	87	0	0	207	0	0	..	0	0	0	0	0	0	0	0	0	0	0	..	..	0	0	0	0	0	..	0
Ejerlejlighed	7830 Vinderup	..	0	..	..	..	0	..	..	..	..	..	0	..	0	..	..	..	0	..	..	0	0	..	..	..	..	..	..	..	0	..	..	..	..	..	..	..	0	0	..	..	..	..	..	..	..	..	..
Ejerlejlighed	7840 Højslev	..	..	..	0	..	..	..	0	..	..	..	..	..	..	..	..	..	..	..	..	..	..	..	..	..	..	..	..	..	..	..	..	..	..	..	..	..	..	..	..	..	..	..	..	..	..	..	..
Ejerlejlighed	7850 Stoholm Jyll	..	..	..	..	..	..	..	..	..	..	..	..	..	..	..	..	..	..	..	..	..	..	..	..	..	..	..	..	..	..	..	..	..	..	..	..	..	..	..	..	..	..	..	..	..	..	..	..
Ejerlejlighed	7860 Spøttrup	..	..	..	..	..	..	..	..	..	..	..	..	..	..	..	..	..	..	..	..	..	..	..	..	..	..	..	..	..	..	..	..	..	..	..	..	..	..	..	..	..	..	..	..	..	..	..	..
Ejerlejlighed	7870 Roslev	..	..	..	..	..	..	..	..	..	..	..	..	..	..	..	..	..	..	..	..	..	..	..	..	..	..	..	..	..	..	..	..	..	..	..	..	..	..	..	..	..	..	..	..	..	..	..	..
Ejerlejlighed	7884 Fur	..	..	..	..	..	..	..	..	..	..	..	..	..	..	..	..	..	..	..	..	..	..	..	..	..	..	..	..	..	..	..	..	..	..	..	..	..	..	..	..	..	..	..	..	..	..	..	..
Ejerlejlighed	7900 Nykøbing M	..	..	..	..	..	..	..	..	..	..	..	..	0	0	..	..	..	..	0	..	..	..	..	..	..	..	..	0	..	..	..	0	..	..	..	..	..	..	..	..	..	..	..	..	..	..	..	..
Ejerlejlighed	7950 Erslev	..	..	..	..	..	..	..	..	..	..	..	..	..	..	..	..	..	..	..	..	..	..	..	..	..	..	..	..	..	..	..	..	..	..	..	..	..	..	..	..	..	..	..	..	..	..	..	..
Ejerlejlighed	7960 Karby	..	..	..	..	..	..	..	..	..	..	..	..	..	..	..	..	..	..	..	..	..	..	..	..	..	..	..	..	..	..	..	..	..	..	..	..	..	..	..	..	..	..	..	..	..	..	..	..
Ejerlejlighed	7970 Redsted M	..	..	..	..	..	..	..	..	..	..	..	..	..	..	..	..	..	..	..	..	..	..	..	..	..	..	..	..	..	..	..	..	..	..	..	..	..	..	..	..	..	..	..	..	..	..	..	..
Ejerlejlighed	7980 Vils	..	..	..	..	..	..	..	..	..	..	..	..	..	..	..	..	..	..	..	..	..	..	..	..	..	..	..	..	..	..	..	..	..	..	..	..	..	..	..	..	..	..	..	..	..	..	..	..
Ejerlejlighed	7990 Øster Assels	..	..	..	..	..	..	..	..	..	..	..	..	..	..	..	..	..	..	..	..	..	..	..	..	..	..	..	..	..	..	..	..	..	..	..	..	..	..	..	..	..	..	..	..	..	..	..	..
Ejerlejlighed	8000 Århus C	81	51	57	73	79	58	65	92	99	101	103	122	136	176	154	177	191	169	145	171	202	159	156	160	128	111	109	122	123	117	104	126	156	132	126	139	126	92	91	123	120	114	94	111	105	94	66	77
Ejerlejlighed	8200 Århus N	109	43	40	63	67	66	73	77	94	104	115	135	182	165	156	156	177	230	155	186	168	178	170	125	170	100	99	109	116	78	143	148	165	119	109	125	84	81	107	106	94	112	84	108	81	67	62	81
Ejerlejlighed	8210 Århus V	85	0	0	0	0	34	102	124	62	124	141	231	0	163	165	0	0	197	143	..	..	255	104	0	147	185	104	108	127	0	0	187	0	205	137	0	241	88	91	131	93	136	67	0	98	0	0	0
Ejerlejlighed	8220 Brabrand	159	61	89	98	84	82	39	46	96	62	90	0	0	129	0	193	270	189	214	0	252	148	292	185	173	150	278	135	138	88	124	329	98	0	210	88	266	283	128	125	130	245	67	86	90	70	130	54
Ejerlejlighed	8230 Åbyhøj	63	76	120	108	75	80	99	67	94	80	100	102	175	152	229	138	210	214	120	0	257	268	150	306	292	125	255	102	139	70	179	162	251	123	177	134	216	88	52	141	183	58	96	87	31	68	100	166
Ejerlejlighed	8240 Risskov	58	52	29	64	70	51	61	85	45	97	70	130	134	154	144	154	150	219	129	150	193	172	156	142	144	102	142	93	155	83	108	151	90	110	87	133	104	161	141	49	146	73	77	112	116	78	57	71
Ejerlejlighed	8250 Egå	0	65	101	105	214	282	46	0	82	70	0	0	0	137	0	31	173	198	93	0	184	0	0	200	133	83	167	177	0	63	0	0	192	158	149	0	0	170	0	0	66	0	68	142	145	78	44	90
Ejerlejlighed	8260 Viby J	121	76	95	107	72	85	78	51	51	90	84	117	145	211	184	123	235	286	186	288	187	225	248	219	159	128	135	119	102	177	161	223	232	147	206	192	248	110	109	134	124	130	67	128	119	67	66	105
Ejerlejlighed	8270 Højbjerg	159	89	98	65	72	90	87	185	67	104	84	95	165	159	164	134	221	192	0	0	0	372	150	176	204	179	200	115	131	140	110	111	181	235	121	127	340	188	156	175	120	173	186	148	138	139	103	110
Ejerlejlighed	8300 Odder	94	156	106	179	137	46	86	71	90	60	72	101	88	43	79	206	0	172	0	0	478	0	0	0	376	57	299	216	273	0	0	0	399	274	242	348	0	0	0	0	0	0	170	0	265	0	0	0
Ejerlejlighed	8305 Samsø	..	..	..	..	..	..	..	..	0	..	..	..	..	..	..	..	..	..	..	..	..	..	..	..	..	..	..	..	0	..	..	..	..	..	..	0	..	..	..	..	0	..	..	..	0	..	..	..
Ejerlejlighed	8310 Tranbjerg J	..	..	..	..	..	..	..	..	0	0	..	..	..	..	..	..	..	..	..	..	..	0	..	0	..	..	0	..	0	..	..	0	0	..	..	..	..	..	..	0	..	..	0	0	0	..	0	..
Ejerlejlighed	8320 Mårslet	..	..	..	..	0	..	..	..	..	..	0	..	0	..	..	..	..	..	..	..	..	..	..	..	..	..	0	..	..	..	..	..	..	..	0	..	0	..	..	0	..	0	..	..	..	0	..	..
Ejerlejlighed	8330 Beder	0	0	0	..	0	0	0	..	0	..	..	0	..	..	0	0	0	0	0	0	0	0	0	0	0	..	0	0	..	0	0	0	0	0	0	0	..	..	0	..	0	0	..	0	0	0	0	0
Ejerlejlighed	8340 Malling	0	..	..	..	..	..	..	0	..	..	..	..	..	0	0	..	..	..	..	..	0	..	..	0	..	..	0	..	0	0	..	..	..	0	..	0	..	..	..	..	..	..	..	0	..	0	..	..
Ejerlejlighed	8350 Hundslund	..	..	..	..	..	..	..	..	..	..	..	..	..	..	..	..	..	..	..	..	..	..	..	..	..	..	..	..	..	..	..	..	0	..	..	..	..	0	..	..	..	..	..	..	..	..	..	..
Ejerlejlighed	8355 Solbjerg	0	..	0	..	..	..	..	0	..	..	..	0	..	..	..	..	..	..	..	0	..	..	..	..	..	..	..	..	..	..	..	0	..	..	..	..	..	..	..	..	..	..	..	..	..	..	..	..
Ejerlejlighed	8361 Hasselager	..	0	0	..	0	..	..	..	..	0	..	0	..	..	..	..	..	..	..	..	..	..	..	..	..	..	0	..	..	..	..	..	0	..	..	..	..	..	..	..	..	0	..	..	0	0	..	..
Ejerlejlighed	8362 Hørning	0	0	0	0	..	48	..	..	0	0	0	0	..	0	0	..	0	0	0	0	0	0	0	0	..	0	0	0	0	0	0	..	..	0	0	0	0	..	0	0	0	0	0	0	..	0	0	..
Ejerlejlighed	8370 Hadsten	..	0	..	0	0	0	0	133	112	0	0	0	78	150	0	0	0	0	0	..	0	0	0	0	0	144	0	..	0	0	0	0	..	0	0	0	0	0	0	0	292	..	..	0	0	0	..	0
Ejerlejlighed	8380 Trige	..	..	..	..	..	0	0	0	0	..	0	..	..	..	0	..	0	..	..	..	..	..	0	..	..	..	..	..	0	0	0	0	..	..	0	0	0	..	0	..	..	0	0	0	..	0	0	..
Ejerlejlighed	8381 Tilst	0	144	0	0	37	96	0	..	0	0	..	0	0	..	..	0	0	0	0	0	..	0	0	0	328	0	0	0	0	0	0	229	0	0	0	..	..	0	0	..	0	0	0	..	0	0	0	0
Ejerlejlighed	8382 Hinnerup	0	..	..	..	0	0	0	..	0	0	..	0	..	0	0	..	0	0	0	..	0	..	..	..	0	0	..	..	0	..	0	..	..	..	..	..	..	..	0	0	..	..	..	..	0	..	0	..
Ejerlejlighed	8400 Ebeltoft	0	0	0	0	0	..	122	0	0	0	138	0	0	0	0	179	0	0	270	0	0	0	165	0	0	0	0	0	368	0	123	..	0	0	333	..	0	330	0	0	0	334	585	862	395	0	0	0
Ejerlejlighed	8410 Rønde	..	0	..	0	0	..	0	..	..	0	..	..	..	..	..	..	0	..	..	..	0	..	..	..	..	..	..	0	..	..	..	..	0	..	..	0	0	..	0	..	0	0	..	..	..	..	..	0
Ejerlejlighed	8420 Knebel	..	..	0	0	..	..	..	0	0	0	..	..	..	0	0	..	0	..	0	..	..	..	..	..	..	..	0	..	..	..	..	..	..	..	..	..	..	..	..	..	..	..	..	..	..	..	0	..
Ejerlejlighed	8444 Balle	..	..	..	..	..	..	..	..	..	..	..	..	..	..	..	..	..	..	..	..	..	..	..	..	..	..	..	..	..	..	..	..	..	..	..	..	..	..	..	..	..	..	..	..	..	..	..	..
Ejerlejlighed	8450 Hammel	0	0	..	..	..	0	0	0	0	..	0	..	0	..	0	0	..	..	0	..	0	0	..	..	0	0	0	0	0	..	0	..	0	..	0	..	0	0	..	0	..	0	0	..	0	..	..	..
Ejerlejlighed	8462 Harlev J	..	..	..	..	..	0	..	0	0	..	..	..	..	..	..	0	0	..	..	..	..	..	..	0	..	0	..	..	0	..	0	..	..	..	..	..	..	..	..	..	..	..	0	..	..	..	0	..
Ejerlejlighed	8464 Galten	0	157	..	183	0	48	94	0	77	32	0	0	127	0	0	..	144	200	0	..	0	0	0	0	294	0	0	..	0	0	0	0	0	0	..	0	0	213	..	0	0	0	0	0	0	0	0	0
Ejerlejlighed	8471 Sabro	0	0	..	0	0	..	0	0	0	0	0	..	..	0	..	..	..	..	..	..	0	..	..	..	0	0	..	..	..	..	0	0	..	..	..	..	..	..	0	..	..	0	..	0	..	0	0	0
Ejerlejlighed	8472 Sporup	..	..	..	..	..	..	..	..	..	..	..	0	..	..	..	..	..	..	..	..	..	..	..	..	..	..	..	..	..	..	..	..	..	..	..	..	..	..	..	..	..	..	..	..	..	..	..	..
Ejerlejlighed	8500 Grenaa	0	0	0	0	95	140	0	94	158	165	0	86	61	127	95	172	114	0	0	51	0	191	0	213	0	0	0	0	0	0	145	343	0	0	116	0	244	0	0	0	0	0	0	57	217	0	0	0
Ejerlejlighed	8520 Lystrup	0	0	0	263	..	116	0	0	54	0	0	0	0	0	0	0	0	0	167	0	0	267	149	0	0	61	69	73	0	0	0	..	0	0	0	0	0	0	0	0	0	0	0	0	0	0	0	..
Ejerlejlighed	8530 Hjortshøj	0	0	..	..	..	..	..	..	..	..	..	..	..	..	..	..	0	..	..	0	..	..	..	..	..	..	..	..	..	..	..	..	..	..	..	..	..	..	..	..	0	0	..	..	..	..	..	..
Ejerlejlighed	8541 Skødstrup	0	..	..	101	0	..	0	..	0	0	..	0	0	0	0	0	..	0	0	0	0	96	119	0	0	0	0	0	0	0	0	0	0	0	..	161	295	0	285	0	195	..	0	0	0	0	0	..
Ejerlejlighed	8543 Hornslet	..	0	..	0	0	0	0	0	..	..	..	0	..	0	..	..	..	0	..	..	..	..	..	..	0	0	..	0	0	0	..	..	0	..	..	0	..	..	..	..	..	..	..	..	..	0	..	..
Ejerlejlighed	8544 Mørke	..	0	..	0	..	0	..	..	..	..	..	..	..	..	..	..	..	..	..	..	..	..	..	..	..	..	..	..	..	..	..	..	..	..	..	..	..	..	..	0	..	..	..	..	..	..	..	..
Ejerlejlighed	8550 Ryomgård	..	..	..	..	..	..	..	..	0	0	..	0	..	..	0	..	..	..	..	..	..	..	..	..	..	0	..	..	..	..	..	..	..	..	..	..	..	..	..	..	..	..	..	..	..	0	..	..
Ejerlejlighed	8560 Kolind	..	..	..	..	..	..	..	..	..	..	..	..	..	..	..	..	..	..	..	..	..	..	..	..	..	..	..	..	..	..	..	..	..	..	..	..	..	..	0	..	..	..	..	..	..	..	..	..
Ejerlejlighed	8570 Trustrup	..	0	..	..	..	..	..	..	..	..	0	..	..	..	..	..	..	..	..	..	..	..	..	..	..	..	..	..	..	..	..	..	..	..	..	..	..	..	..	..	..	..	..	..	..	..	..	..
Ejerlejlighed	8581 Nimtofte	..	..	..	..	..	..	..	..	..	..	..	..	..	..	..	..	..	..	..	..	..	..	..	..	..	..	..	0	..	..	..	..	..	..	..	..	..	..	..	0	..	..	..	..	..	..	..	..
Ejerlejlighed	8585 Glesborg	..	0	0	0	0	102	198	0	0	0	0	0	..	0	0	..	..	0	0	0	0	..	0	0	0	0	..	0	..	0	..	..	0	0	0	..	..	0	..	0	..	..	0	..	0	0	0	0
Ejerlejlighed	8586 Ørum Djurs	..	..	..	..	..	..	..	..	..	..	..	..	..	..	..	..	..	..	..	..	..	..	..	..	..	..	..	..	..	..	..	..	..	..	..	..	..	..	..	..	..	..	..	..	..	..	..	..
Ejerlejlighed	8592 Anholt	..	..	..	..	..	..	..	..	..	..	..	..	..	..	..	..	..	..	..	..	..	..	..	..	..	..	..	..	..	..	..	..	..	..	..	..	..	..	..	..	..	..	..	..	..	..	..	..
Ejerlejlighed	8600 Silkeborg	135	155	181	111	119	83	72	104	49	159	69	86	130	71	54	89	149	156	141	165	166	223	261	248	172	209	183	152	258	364	158	216	270	202	261	187	137	333	118	106	264	346	0	208	286	142	128	200
Ejerlejlighed	8620 Kjellerup	0	..	0	..	..	0	0	0	..	..	..	0	0	0	0	..	..	0	..	0	..	0	..	..	..	..	..	0	..	0	..	..	..	0	..	..	..	0	0	..	0	..	..	..	..	..	..	..
Ejerlejlighed	8632 Lemming	0	..	..	0	..	..	..	..	..	..	..	..	..	..	..	..	..	..	..	..	..	..	..	..	..	0	..	..	..	..	..	..	..	..	..	..	..	..	..	..	..	..	..	..	..	..	..	..
Ejerlejlighed	8641 Sorring	..	..	..	..	..	..	..	..	..	..	..	..	..	..	..	..	..	..	..	..	..	..	..	..	..	..	..	..	..	..	..	..	..	..	..	..	..	..	..	..	..	..	..	..	..	..	..	..
Ejerlejlighed	8643 Ans By	..	..	..	..	..	..	..	0	..	..	..	0	..	..	..	..	..	..	..	..	..	..	..	0	..	0	..	..	0	..	..	..	..	..	..	..	..	..	..	..	..	..	..	0	..	..	..	..
Ejerlejlighed	8653 Them	..	..	..	0	..	0	..	..	0	0	..	..	0	..	..	..	0	..	..	..	..	..	..	..	..	..	..	0	..	..	..	0	..	..	..	..	..	..	..	..	..	..	..	..	..	..	..	..
Ejerlejlighed	8654 Bryrup	0	0	..	..	0	..	..	..	..	0	..	..	..	..	..	..	..	..	..	..	..	..	..	..	..	..	..	..	..	..	..	..	..	..	..	..	..	..	..	..	..	..	..	..	..	..	..	..
Ejerlejlighed	8660 Skanderborg	105	115	72	106	60	58	74	72	104	41	0	62	198	78	128	214	200	181	0	0	0	0	198	301	390	338	210	302	221	113	583	233	238	162	387	197	207	124	0	0	178	156	89	152	129	0	0	0
Ejerlejlighed	8670 Låsby	..	..	..	..	..	..	..	..	..	..	..	..	..	..	..	..	..	..	..	..	..	..	..	..	..	..	..	..	..	..	..	..	..	..	..	..	..	..	..	..	..	..	..	..	..	..	..	..
Ejerlejlighed	8680 Ry	0	0	0	..	0	..	0	0	0	0	0	0	0	..	..	..	0	0	0	0	40	0	0	..	0	..	0	..	0	0	0	0	0	0	0	..	..	0	0	0	..	0	0	..	0	0	0	0
Ejerlejlighed	8700 Horsens	111	93	80	101	104	108	114	58	74	69	90	99	100	128	108	146	193	120	154	201	198	228	161	136	188	246	195	259	172	209	158	248	243	115	281	160	295	145	156	185	243	278	290	265	199	178	132	170
Ejerlejlighed	8721 Daugård	..	..	..	..	..	..	..	..	..	..	..	..	..	..	..	..	..	..	..	..	..	..	..	..	..	..	..	..	..	..	..	..	..	..	..	..	..	..	..	..	..	..	..	..	..	..	..	..
Ejerlejlighed	8722 Hedensted	..	0	0	..	0	0	0	0	61	0	0	0	0	0	211	0	0	0	0	..	0	0	0	..	0	..	0	..	0	304	0	..	0	..	0	0	0	0	..	..	0	0	..	0	..	0	0	..
Ejerlejlighed	8723 Løsning	0	..	0	..	..	..	..	..	..	..	..	..	0	..	..	0	..	..	..	..	..	..	0	0	0	..	..	..	..	..	..	..	..	..	..	..	..	..	..	..	0	..	..	..	..	0	..	..
Ejerlejlighed	8732 Hovedgård	..	..	..	..	..	..	..	..	..	..	..	..	..	0	..	..	..	..	..	..	..	..	..	..	..	..	..	0	..	..	..	..	..	..	..	..	..	..	..	..	..	..	..	..	..	..	..	..
Ejerlejlighed	8740 Brædstrup	0	..	0	..	..	..	..	..	..	..	..	..	..	..	..	..	0	0	..	..	..	0	..	..	..	0	..	..	..	..	..	..	..	..	0	..	..	0	..	..	..	..	..	..	..	..	0	..
Ejerlejlighed	8751 Gedved	..	..	0	0	..	..	..	0	..	..	..	0	..	..	..	..	0	..	..	..	..	..	..	..	..	..	0	..	..	..	..	..	..	..	0	..	..	..	..	..	..	..	..	..	..	..	..	..
Ejerlejlighed	8752 Østbirk	..	..	0	..	..	..	0	..	0	..	0	0	0	..	..	..	0	..	..	..	..	..	0	..	..	0	0	0	0	..	..	..	..	..	..	..	0	..	..	..	0	..	..	0	..	..	..	..
Ejerlejlighed	8762 Flemming	..	..	..	..	..	..	..	..	..	..	..	..	..	..	..	..	..	..	..	..	..	..	..	..	..	..	..	..	..	..	..	..	..	..	..	..	..	..	..	..	..	..	..	..	..	..	..	..
Ejerlejlighed	8763 Rask Mølle	..	..	..	..	..	..	..	..	..	..	..	..	..	..	0	..	..	0	..	..	..	..	..	..	..	..	..	..	..	..	..	..	..	..	..	..	..	..	..	..	..	..	..	..	..	..	..	..
Ejerlejlighed	8765 Klovborg	..	..	..	..	..	..	..	..	..	..	..	..	..	..	..	..	..	..	..	..	..	..	..	..	..	..	..	..	..	..	..	..	..	..	..	..	..	..	..	..	..	..	..	..	..	..	..	..
Ejerlejlighed	8766 Nørre Snede	..	..	..	..	..	..	..	..	..	..	..	..	..	..	..	..	..	..	..	..	..	..	..	..	..	..	..	..	..	..	..	..	..	..	..	..	..	..	..	..	..	..	..	..	..	..	..	..
Ejerlejlighed	8781 Stenderup	..	..	..	..	..	..	..	..	..	..	..	..	..	..	..	..	..	..	..	..	..	..	..	..	..	..	..	..	..	..	..	..	..	..	..	..	..	..	..	..	..	..	..	..	..	..	..	..
Ejerlejlighed	8783 Hornsyld	..	..	..	..	..	..	0	..	0	..	..	..	..	..	0	..	..	..	..	..	..	..	..	..	..	..	..	..	..	..	..	..	0	..	..	..	..	..	..	..	..	..	..	..	..	..	..	..
Ejerlejlighed	8800 Viborg	157	122	144	108	161	151	177	114	171	121	50	67	41	61	74	161	156	213	135	195	199	270	202	214	160	257	177	207	279	145	190	217	248	257	114	202	224	246	239	248	218	226	296	157	121	61	75	223
Ejerlejlighed	8830 Tjele	..	..	0	..	0	..	..	..	..	..	..	..	0	..	..	0	..	0	..	..	..	..	..	..	..	..	..	..	..	..	0	0	..	..	..	..	0	..	..	..	..	..	..	..	..	0	..	..
Ejerlejlighed	8831 Løgstrup	..	0	..	..	..	..	..	..	0	..	..	..	..	..	..	..	..	0	..	..	0	..	..	..	..	..	..	..	..	..	..	..	0	..	..	..	..	..	..	..	..	..	..	..	..	..	..	..
Ejerlejlighed	8832 Skals	..	..	..	..	..	..	..	..	..	..	..	..	..	..	..	..	..	..	0	..	0	..	..	..	..	..	..	..	..	..	..	..	..	..	..	..	..	..	..	..	..	..	..	..	..	..	..	..
Ejerlejlighed	8840 Rødkærsbro	..	..	..	..	..	..	..	..	..	..	..	..	..	..	..	..	..	..	..	..	..	..	..	..	..	..	..	..	..	..	..	..	..	..	..	..	..	..	..	..	..	..	..	..	..	..	..	..
Ejerlejlighed	8850 Bjerringbro	0	0	..	..	0	..	0	0	..	..	..	..	..	..	0	0	0	0	..	..	..	0	0	..	..	0	..	..	0	0	0	0	..	..	..	..	..	0	..	..	0	..	..	..	0	..	..	..
Ejerlejlighed	8860 Ulstrup	..	..	..	0	..	0	..	..	..	..	..	..	0	..	..	..	..	..	0	..	..	..	..	..	..	..	..	..	..	..	..	0	..	..	..	..	0	..	..	..	..	..	0	..	..	..	..	..
Ejerlejlighed	8870 Langå	..	..	..	0	..	0	..	..	..	..	..	0	..	0	..	..	0	0	..	..	..	..	..	..	..	..	..	..	..	..	..	..	..	..	..	..	..	..	..	..	0	..	..	..	..	..	..	0
Ejerlejlighed	8881 Thorsø	..	0	..	..	0	0	0	..	..	..	..	..	270	0	..	0	..	..	..	..	..	0	..	0	..	..	..	..	..	..	0	..	..	..	..	..	0	..	..	..	..	..	..	..	..	..	..	..
Ejerlejlighed	8882 Fårvang	..	..	..	..	0	0	..	..	..	..	..	..	..	..	..	..	..	..	..	..	0	..	..	..	..	..	..	..	..	..	..	..	..	..	..	..	..	..	..	..	..	..	..	..	..	..	..	..
Ejerlejlighed	8883 Gjern	..	..	..	0	..	..	..	..	..	0	..	..	..	0	..	..	..	..	..	..	..	..	..	..	..	0	..	..	..	..	..	..	..	..	..	..	..	..	..	..	..	..	..	..	..	..	..	..
Ejerlejlighed	8900 Randers C	143	179	104	114	166	112	103	76	69	58	87	101	113	122	185	138	197	172	172	224	237	258	214	296	250	257	307	290	240	213	187	111	248	298	337	147	252	173	122	187	213	153	203	336	212	223	190	133
Ejerlejlighed	8920 Randers NV	103	76	125	113	140	85	120	95	93	66	44	81	86	86	101	161	113	129	124	200	188	309	254	268	308	215	175	214	247	198	286	154	332	139	209	273	296	188	153	356	204	220	348	179	187	103	99	144
Ejerlejlighed	8930 Randers NØ	126	111	211	141	132	117	97	103	111	89	81	68	90	86	99	120	130	169	157	0	142	240	241	294	302	234	253	193	236	217	210	281	146	181	169	209	192	312	279	168	252	256	140	0	285	0	0	0
Ejerlejlighed	8940 Randers SV	0	142	75	106	228	125	66	12	69	85	43	60	80	141	158	107	104	114	0	0	168	0	0	129	0	0	96	0	182	0	101	97	388	175	0	0	293	0	0	369	215	0	0	95	207	186	175	110
Ejerlejlighed	8950 Ørsted	..	..	..	..	..	..	..	..	..	..	..	..	0	..	..	..	..	..	..	..	..	..	..	..	..	..	..	..	..	..	..	..	..	..	..	..	..	..	..	..	..	..	..	..	..	..	..	..
Ejerlejlighed	8960 Randers SØ	0	0	0	158	0	48	133	52	34	71	0	94	83	0	189	199	106	0	0	0	0	0	0	0	0	0	123	253	0	171	303	0	0	0	245	295	0	0	247	0	201	284	126	159	0	0	0	0
Ejerlejlighed	8961 Allingåbro	..	..	..	..	..	..	..	..	..	..	..	0	..	0	0	..	..	..	..	..	..	..	0	..	..	..	..	..	..	..	..	0	..	..	..	..	..	..	..	..	..	..	..	..	..	..	..	..
Ejerlejlighed	8963 Auning	..	..	..	..	..	..	..	..	..	..	..	..	..	..	..	..	0	..	..	..	..	..	..	..	..	..	..	..	..	..	..	..	..	..	..	..	..	..	..	..	..	0	..	..	..	..	..	..
Ejerlejlighed	8970 Havndal	..	..	..	..	..	..	..	..	..	..	..	..	..	..	..	..	..	..	..	..	..	..	..	..	..	..	..	..	..	..	..	..	..	..	..	..	..	..	..	..	..	..	..	..	..	..	..	..
Ejerlejlighed	8981 Spentrup	..	..	..	..	0	..	..	..	..	0	0	..	..	..	..	..	..	..	..	..	..	..	..	..	..	0	..	..	..	..	..	..	..	..	..	..	..	..	..	..	..	..	..	..	..	..	..	..
Ejerlejlighed	8983 Gjerlev J	..	..	..	..	..	..	..	..	..	..	..	..	..	..	..	..	..	..	..	..	..	..	..	..	..	..	..	..	..	..	..	..	..	..	..	..	..	..	..	..	..	..	..	..	..	..	..	..
Ejerlejlighed	8990 Fårup	..	..	..	..	..	..	..	..	..	..	..	..	..	..	..	..	..	..	..	..	..	..	..	..	..	..	..	..	..	..	..	..	..	..	..	..	..	..	..	..	..	..	..	..	..	..	..	..
Ejerlejlighed	9000 Aalborg	127	105	106	99	106	83	114	99	84	74	83	99	117	113	117	131	156	138	158	145	179	193	187	185	190	169	182	191	171	139	158	142	146	136	136	138	94	82	95	115	132	95	90	99	97	75	64	64
Ejerlejlighed	9200 Aalborg SV	81	0	0	0	0	121	0	18	157	120	0	0	..	53	116	0	136	88	0	0	0	0	0	0	180	0	169	0	..	0	0	213	276	65	143	77	109	0	95	0	0	129	0	56	52	0	0	0
Ejerlejlighed	9210 Aalborg SØ	172	0	0	0	139	116	300	84	164	46	58	0	0	0	0	0	144	258	191	0	0	204	0	0	243	220	312	0	170	84	0	0	207	0	53	0	113	0	113	0	0	141	0	105	126	36	0	0
Ejerlejlighed	9220 Aalborg Øst	0	..	..	..	0	0	0	..	..	0	0	0	0	..	..	..	..	0	0	..	..	0	0	..	..	0	..	..	..	0	0	..	..	..	..	0	0	..	..	..	0	..	..	..	..	0	0	0
Ejerlejlighed	9230 Svenstrup J	..	0	..	0	0	0	..	0	..	0	..	0	0	0	0	0	..	..	0	..	0	0	0	..	0	..	0	..	..	0	0	0	..	0	0	..	0	..	..	0	..	..	0	0	..	..	..	0
Ejerlejlighed	9240 Nibe	0	0	..	..	..	0	0	..	..	0	..	..	..	..	..	..	..	0	..	..	0	..	..	..	..	..	0	..	0	0	..	0	0	..	..	0	..	..	..	..	..	0	0	..	0	..	0	0
Ejerlejlighed	9260 Gistrup	..	..	..	..	..	0	0	0	..	..	0	0	..	0	146	..	..	0	0	..	..	..	..	0	..	0	0	0	0	0	..	..	0	0	..	..	..	..	0	..	0	0	..	0	0	0	..	0
Ejerlejlighed	9270 Klarup	..	..	0	..	0	0	..	0	0	..	..	0	..	..	0	0	0	..	0	..	0	0	..	0	0	0	..	0	0	..	..	..	..	0	0	..	0	..	0	..	0	0	0	..	..	..	0	0
Ejerlejlighed	9280 Storvorde	..	..	0	..	..	..	0	0	..	0	..	..	..	0	0	..	0	..	0	..	0	0	..	0	..	..	..	..	..	..	..	0	..	..	0	..	0	0	..	..	..	0	0	..	..	0	..	..
Ejerlejlighed	9293 Kongerslev	0	..	..	..	..	..	..	..	..	..	..	..	..	..	..	..	0	0	..	..	..	..	0	..	0	..	0	..	..	..	..	..	..	..	..	0	..	..	..	..	..	..	..	0	..	..	..	..
Ejerlejlighed	9300 Sæby	..	0	..	..	..	..	..	..	0	..	..	..	..	0	0	0	0	0	..	..	0	0	0	0	0	0	..	..	0	0	0	..	0	..	0	0	..	0	0	0	0	0	..	0	0	0	..	0
Ejerlejlighed	9310 Vodskov	0	..	0	..	0	..	0	0	118	..	0	0	0	0	..	..	0	0	0	..	..	..	0	0	0	0	0	0	0	..	0	..	0	..	0	..	0	..	..	..	0	0	..	..	0	0	..	0
Ejerlejlighed	9320 Hjallerup	..	..	0	0	0	0	..	..	..	..	0	..	..	..	..	0	..	..	..	0	..	..	0	..	0	0	0	..	..	..	..	..	..	..	0	..	..	..	0	0	..	0	..	..	..	..	0	..
Ejerlejlighed	9330 Dronninglund	..	..	..	..	..	..	..	..	..	0	..	..	..	..	..	..	..	..	..	..	..	..	..	..	0	..	..	..	..	..	..	..	..	..	..	..	..	..	..	..	..	0	..	..	..	..	..	..
Ejerlejlighed	9340 Asaa	..	..	..	..	..	..	..	..	..	..	0	..	..	..	..	..	..	0	..	..	..	..	..	..	..	0	..	..	..	..	..	..	..	..	..	..	..	..	..	..	..	..	..	..	..	..	..	..
Ejerlejlighed	9352 Dybvad	..	..	..	..	..	..	..	..	..	..	..	..	..	..	..	..	..	..	..	..	..	..	..	..	..	..	..	..	..	..	..	..	..	..	..	..	..	..	..	..	..	..	..	..	..	..	..	..
Ejerlejlighed	9362 Gandrup	0	..	..	..	..	..	0	0	..	..	..	..	0	..	0	..	..	0	..	..	..	..	..	0	0	..	..	..	..	..	..	..	..	..	..	..	..	..	..	..	..	..	..	..	..	..	..	..
Ejerlejlighed	9370 Hals	..	..	..	..	..	..	..	0	..	0	..	..	..	..	0	0	..	352	0	..	..	..	..	..	..	0	..	..	..	..	..	..	0	..	..	..	0	..	0	..	..	..	..	..	..	..	..	..
Ejerlejlighed	9380 Vestbjerg	..	..	..	0	..	..	..	..	..	..	..	..	..	0	..	..	..	..	..	..	..	..	..	..	..	..	..	..	..	..	..	..	..	..	..	..	..	..	..	..	..	..	..	..	..	..	..	..
Fritidshus	7650 Bøvlingbjerg	..	..	..	..	..	..	..	..	..	..	..	..	..	..	..	..	..	..	..	..	..	..	..	..	..	..	..	..	..	..	..	..	..	..	..	..	..	..	..	..	..	..	..	..	..	..	..	..
Fritidshus	7660 Bækmarksbro	..	..	..	..	..	..	0	..	..	..	..	..	..	..	..	..	..	..	..	..	..	..	..	..	..	..	..	..	..	..	..	..	..	..	..	..	..	..	..	..	..	..	..	..	..	..	..	..
Fritidshus	7673 Harboøre	202	73	79	129	182	139	150	158	124	232	137	175	431	210	271	151	157	347	0	0	0	375	565	0	0	949	0	228	0	694	297	0	0	810	471	0	0	0	449	849	709	0	0	338	463	660	299	1084
Fritidshus	7680 Thyborøn	..	..	..	..	..	0	..	..	0	..	0	..	..	..	..	..	..	..	..	..	..	..	..	..	..	..	..	..	..	..	..	..	..	..	..	..	..	..	..	..	..	..	..	..	..	..	..	0
Fritidshus	7700 Thisted	141	112	97	180	142	155	82	177	117	204	145	177	303	145	199	193	278	116	251	417	0	273	266	251	498	223	751	335	356	244	238	240	408	451	422	0	0	236	265	350	0	220	489	384	484	541	373	423
Fritidshus	7730 Hanstholm	..	..	..	..	..	..	..	..	..	..	..	..	..	..	..	..	..	..	..	..	..	..	..	..	..	..	..	..	..	..	..	..	..	..	..	..	..	..	0	..	..	..	..	..	..	..	..	..
Fritidshus	7741 Frøstrup	..	0	0	0	..	0	0	..	0	0	0	0	0	0	0	0	0	0	0	0	..	0	0	..	0	..	0	0	..	..	0	0	0	..	..	..	..	0	..	..	..	..	..	0	0	0	0	0
Fritidshus	7742 Vesløs	0	0	..	..	0	0	0	0	0	0	0	..	0	..	..	..	0	0	0	..	..	0	0	..	..	0	0	..	..	0	..	0	..	..	0	..	..	0	0	..	0	..	..	..	0	0	0	..
Fritidshus	7752 Snedsted	..	0	0	..	..	0	0	0	0	0	0	0	0	0	0	0	0	0	..	..	..	..	0	..	..	0	0	0	..	0	0	0	0	0	0	..	..	0	..	0	..	..	0	0	..	0	..	0
Fritidshus	7755 Bedsted Thy	..	0	0	..	0	..	0	0	..	..	..	..	..	0	..	0	0	..	0	..	0	..	0	..	0	0	0	..	..	..	0	..	..	..	..	..	..	..	..	..	..	..	0	0	..	..	..	0
Fritidshus	7760 Hurup Thy	115	113	0	0	133	68	0	0	..	58	0	99	0	131	112	184	..	267	0	0	0	0	0	230	0	353	157	0	0	0	0	0	0	161	0	0	0	318	0	..	0	0	214	0	0	0	0	0
Fritidshus	7770 Vestervig	233	154	0	86	106	189	117	155	139	74	0	0	0	0	0	0	..	0	0	0	0	0	0	0	0	0	0	0	0	456	0	0	0	0	0	1077	0	682	0	0	0	0	0	0	423	0	0	0
Fritidshus	7790 Thyholm	0	138	0	0	0	77	0	..	0	0	0	0	..	0	0	0	0	191	0	0	..	0	0	0	0	133	0	0	0	0	0	0	0	168	0	0	0	0	0	..	0	0	0	0	0	0	0	..
Fritidshus	7800 Skive	..	..	..	..	..	..	..	..	..	..	..	..	..	..	..	..	..	..	..	..	..	..	..	..	..	..	..	..	..	..	..	..	..	..	..	..	..	..	..	..	..	..	..	..	..	..	..	..
Fritidshus	7830 Vinderup	249	186	0	119	83	107	144	0	0	159	234	0	0	0	271	173	0	260	0	0	..	213	0	0	0	0	153	0	0	0	0	..	..	0	353	0	0	..	..	0	0	584	0	0	0	0	0	0
Fritidshus	7840 Højslev	206	109	147	191	114	46	0	73	0	117	0	135	198	149	122	226	0	144	88	0	0	0	0	0	0	151	138	0	0	0	0	383	0	0	102	386	0	195	216	217	274	146	308	0	0	0	0	0
Fritidshus	7850 Stoholm Jyll	..	..	..	..	..	..	..	..	..	..	..	..	..	..	..	..	..	..	..	..	..	..	..	..	..	..	..	..	..	..	..	..	..	..	..	..	..	..	..	..	..	..	..	..	..	..	..	..
Fritidshus	7860 Spøttrup	188	88	0	76	0	80	52	0	..	155	112	0	0	94	77	149	130	66	0	..	0	160	234	0	0	0	121	0	0	194	484	0	0	332	..	0	0	84	0	0	0	110	219	0	0	0	0	0
Fritidshus	7870 Roslev	142	195	120	76	320	127	157	88	0	176	152	31	0	66	102	138	0	62	93	0	0	0	0	0	0	395	286	0	0	183	0	195	0	0	0	484	326	292	0	383	0	237	313	0	0	0	0	0
Fritidshus	7884 Fur	0	0	0	0	..	174	0	0	0	0	0	0	0	79	0	45	0	0	0	0	..	0	..	..	0	0	0	0	0	0	0	0	..	0	0	0	..	0	0	..	0	0	0	0	0	0	0	..
Fritidshus	7900 Nykøbing M	0	0	..	0	0	0	..	0	0	0	0	0	..	..	0	0	0	0	..	..	0	0	..	..	..	0	..	..	0	0	0	0	0	..	0	..	0	0	0	..	0	0	0	..	..	0	0	0
Fritidshus	7950 Erslev	..	..	0	0	..	0	0	..	..	..	..	..	..	0	0	..	..	..	..	0	..	..	..	..	..	0	0	..	..	..	..	..	..	..	..	..	..	0	..	..	..	..	..	..	..	..	..	..
Fritidshus	7960 Karby	..	..	..	..	0	..	0	..	..	..	..	..	..	..	..	..	..	..	..	..	..	..	..	..	..	..	..	..	..	..	..	..	..	..	..	..	..	..	..	..	..	..	..	..	..	..	..	..
Fritidshus	7970 Redsted M	..	..	..	..	..	..	..	..	..	..	..	..	..	..	..	..	..	..	..	..	..	..	..	..	..	..	..	..	..	..	..	..	..	..	..	..	..	..	..	..	..	..	..	..	..	..	..	..
Fritidshus	7980 Vils	..	..	..	..	..	..	..	..	..	..	..	..	..	..	..	..	..	..	..	..	..	..	..	..	..	..	..	..	..	..	..	..	..	..	..	..	..	..	..	..	..	..	..	..	..	..	..	..
Fritidshus	7990 Øster Assels	..	..	0	0	0	167	..	..	..	0	0	..	0	0	0	0	..	0	0	..	..	0	0	0	0	0	0	..	..	0	0	..	..	0	..	0	..	..	0	..	..	0	0	..	..	0	0	..
Fritidshus	8000 Århus C	..	..	..	..	..	..	..	..	..	..	..	..	..	..	..	..	..	..	..	..	..	..	..	..	..	..	..	..	..	..	..	..	..	..	..	..	..	..	..	..	..	..	..	..	..	..	..	..
Fritidshus	8200 Århus N	..	..	..	..	..	..	..	..	..	..	..	..	..	..	..	..	..	..	..	..	..	..	..	..	..	..	..	..	..	..	..	..	..	..	0	..	..	..	..	..	..	..	..	..	..	..	..	..
Fritidshus	8210 Århus V	..	..	..	..	..	..	..	..	..	..	..	..	..	..	..	..	..	..	..	..	..	..	..	..	..	..	..	..	..	..	..	..	..	..	..	..	..	..	..	..	..	..	..	..	..	..	..	..
Fritidshus	8220 Brabrand	..	..	..	..	..	..	..	..	..	..	..	..	..	..	..	..	..	..	..	..	..	..	..	..	..	..	..	..	..	..	..	..	..	..	..	..	..	..	..	..	..	..	..	..	..	..	..	..
Fritidshus	8230 Åbyhøj	..	..	..	..	..	..	..	..	..	..	..	..	..	..	..	..	..	..	..	..	..	..	..	0	..	..	..	..	..	..	..	..	..	..	..	..	..	..	..	..	0	..	..	..	..	..	..	..
Fritidshus	8240 Risskov	..	..	..	..	..	..	..	..	..	..	..	..	..	..	..	0	..	..	0	..	..	..	..	..	0	..	0	..	..	..	0	..	..	0	..	..	0	..	..	0	..	..	..	..	..	..	..	..
Fritidshus	8250 Egå	122	79	71	108	0	46	132	47	74	149	65	0	..	63	82	0	0	..	0	0	0	234	0	0	0	113	240	374	0	58	221	298	0	342	407	182	0	356	169	348	287	213	177	0	364	0	0	0
Fritidshus	8260 Viby J	..	..	..	..	..	..	..	..	..	..	..	..	..	..	..	..	..	..	..	..	..	..	..	..	..	..	..	0	..	..	..	..	..	..	..	..	..	..	..	..	..	..	..	..	..	..	..	..
Fritidshus	8270 Højbjerg	..	..	..	..	..	..	..	..	..	..	..	..	..	..	..	..	..	..	..	..	..	..	..	..	..	..	..	..	..	..	..	..	..	..	..	..	..	..	..	..	..	..	..	..	..	..	..	..
Fritidshus	8300 Odder	125	155	92	59	220	154	97	0	151	116	103	117	149	236	174	236	251	213	265	0	0	296	229	258	249	387	327	326	0	403	364	163	0	0	385	224	207	417	255	244	222	168	227	484	380	385	273	236
Fritidshus	8305 Samsø	0	51	0	0	0	0	0	0	0	0	85	74	0	0	86	0	0	149	279	0	0	0	0	0	0	0	0	0	0	258	0	0	..	213	0	0	0	0	0	0	0	0	0	0	0	0	0	0
Fritidshus	8310 Tranbjerg J	..	..	..	..	..	..	..	..	..	..	..	..	..	..	..	..	..	..	..	..	..	..	..	..	..	..	..	..	..	..	..	..	..	..	..	..	..	..	..	..	..	..	..	..	..	..	..	..
Fritidshus	8320 Mårslet	..	..	..	..	..	..	..	..	..	..	..	..	..	..	..	..	..	..	..	..	..	..	..	..	..	..	..	..	..	..	..	..	..	..	..	..	0	..	..	..	..	..	..	..	..	..	..	..
Fritidshus	8330 Beder	..	0	0	..	0	0	0	0	0	0	0	..	..	..	0	0	..	0	0	..	0	..	0	..	..	0	0	0	0	0	..	0	..	..	0	..	..	0	..	0	0	0	0	0	0	0	..	0
Fritidshus	8340 Malling	234	151	0	0	0	0	0	0	0	0	0	0	0	101	0	0	0	..	0	0	..	0	0	0	0	0	0	641	0	408	0	0	0	0	178	0	0	415	318	0	0	269	0	642	0	0	0	0
Fritidshus	8350 Hundslund	..	..	..	..	0	..	..	0	..	..	..	..	..	..	..	0	..	..	..	..	..	0	..	..	..	..	..	..	..	..	0	..	..	..	..	..	..	..	..	..	..	..	..	..	..	..	..	..
Fritidshus	8355 Solbjerg	..	..	..	..	..	..	..	..	..	..	..	..	..	..	..	..	..	..	..	..	..	..	..	..	..	..	..	..	..	..	..	..	..	..	..	..	..	..	..	..	..	..	..	..	..	..	..	..
Fritidshus	8361 Hasselager	..	..	..	..	..	..	..	..	..	..	..	..	..	..	..	..	..	..	..	..	..	..	..	..	..	..	..	..	..	..	..	..	..	..	..	..	..	..	..	..	..	..	..	..	..	..	..	..
Fritidshus	8362 Hørning	..	..	..	..	..	..	..	..	0	..	..	..	..	..	..	..	..	..	0	..	..	..	..	..	..	..	..	..	..	..	..	..	..	..	..	..	..	..	..	..	..	..	..	..	..	..	..	..
Fritidshus	8370 Hadsten	..	..	..	..	..	..	..	..	..	..	..	..	..	..	..	..	..	..	..	..	..	..	..	..	..	..	..	..	..	..	..	..	..	..	..	..	..	..	..	..	..	..	..	..	..	..	..	..
Fritidshus	8380 Trige	..	..	..	..	..	..	..	..	..	..	..	..	..	..	..	..	..	..	..	..	..	..	..	..	..	..	..	..	..	..	..	..	..	..	..	..	..	..	..	..	..	..	..	..	..	..	..	..
Fritidshus	8381 Tilst	..	..	..	..	..	..	..	..	..	..	..	..	..	..	..	..	..	..	..	..	..	..	..	..	..	..	..	..	..	..	..	..	..	..	..	..	..	..	..	..	..	..	..	..	..	..	..	..
Fritidshus	8382 Hinnerup	..	..	..	..	..	..	..	..	..	..	..	..	..	..	..	..	..	..	..	..	..	..	..	..	..	..	..	..	..	..	..	..	..	..	..	..	..	..	..	..	..	..	..	..	..	..	..	..
Fritidshus	8400 Ebeltoft	117	84	84	121	162	133	104	124	134	112	154	150	174	207	196	248	253	198	162	256	294	247	302	350	238	273	228	228	236	216	319	244	364	322	316	263	416	386	265	268	332	163	336	260	258	289	215	320
Fritidshus	8410 Rønde	109	43	..	206	224	147	108	142	0	139	158	197	192	141	77	0	0	121	255	0	0	201	173	0	0	166	91	0	0	290	0	0	328	446	320	328	0	133	305	0	0	78	259	0	0	0	0	0
Fritidshus	8420 Knebel	163	108	58	137	199	70	108	178	146	133	96	151	170	89	140	161	353	146	130	0	186	223	173	290	281	345	150	178	180	297	169	261	303	294	251	446	335	295	130	203	208	131	293	147	295	244	212	342
Fritidshus	8444 Balle	..	..	..	..	..	..	..	..	..	..	..	..	..	..	..	..	..	..	..	..	..	..	..	..	..	..	..	..	..	..	..	..	..	..	..	..	..	..	..	..	..	..	..	..	..	..	..	..
Fritidshus	8450 Hammel	..	..	..	..	..	..	..	..	..	..	..	..	..	..	..	..	..	..	..	..	..	..	..	..	..	..	..	..	..	..	..	..	..	..	..	..	..	..	..	..	..	..	..	..	..	..	..	..
Fritidshus	8462 Harlev J	..	..	..	..	..	..	..	..	..	..	..	..	..	..	..	..	..	..	..	..	..	..	..	..	..	..	..	..	..	..	..	..	..	..	..	..	..	..	..	..	..	..	..	..	..	..	..	..
Fritidshus	8464 Galten	..	..	..	..	..	..	..	..	..	..	..	..	..	..	..	..	..	..	..	..	..	..	..	..	..	..	..	..	..	..	..	..	..	..	..	..	..	..	..	..	..	..	..	..	..	..	..	..
Fritidshus	8471 Sabro	..	..	..	..	..	..	..	..	..	..	..	..	..	..	..	..	..	..	..	..	..	..	..	..	..	..	..	..	..	..	..	..	..	..	..	..	..	..	..	..	..	..	..	..	..	..	..	..
Fritidshus	8472 Sporup	..	..	..	..	..	..	..	..	..	..	..	..	..	..	..	..	..	..	..	..	..	..	..	..	..	..	..	..	..	..	..	..	..	..	..	..	..	..	..	..	..	..	..	..	..	..	..	..
Fritidshus	8500 Grenaa	243	197	43	0	108	137	88	70	107	81	102	40	0	169	132	0	0	182	269	0	0	0	252	247	395	247	267	0	0	0	303	0	0	150	168	0	200	345	158	386	192	142	327	578	0	0	0	0
Fritidshus	8520 Lystrup	..	..	..	..	..	..	..	..	..	..	..	..	..	..	..	..	..	..	..	..	..	..	..	..	..	..	..	..	..	..	..	..	..	..	..	..	..	..	..	..	..	..	..	..	..	..	..	..
Fritidshus	8530 Hjortshøj	..	..	..	..	..	..	..	..	..	..	..	..	..	..	..	..	..	..	..	..	..	..	..	..	..	..	..	..	..	..	..	..	..	..	..	..	..	..	..	..	..	..	..	..	..	..	..	..
Fritidshus	8541 Skødstrup	..	..	..	..	..	..	..	..	..	..	..	..	..	..	..	..	..	..	..	..	..	..	..	..	..	..	..	..	..	..	..	..	..	..	..	..	..	..	..	..	..	..	..	..	..	0	..	..
Fritidshus	8543 Hornslet	..	0	..	..	0	0	..	..	0	..	0	..	..	0	..	..	0	..	0	0	..	0	..	0	..	0	..	0	..	..	..	0	..	0	..	0	0	..	..	..	..	0	0	..	..	0	0	..
Fritidshus	8544 Mørke	..	..	..	..	..	..	..	..	..	..	..	..	..	..	..	..	..	..	..	..	..	..	..	..	..	..	..	..	..	..	..	..	..	..	..	..	..	..	..	..	..	..	..	..	..	..	..	..
Fritidshus	8550 Ryomgård	..	..	..	..	..	..	..	..	..	..	..	..	..	..	..	..	..	..	..	..	..	0	..	..	..	..	..	..	..	..	..	..	..	..	..	..	..	..	..	..	..	0	..	..	..	..	..	..
Fritidshus	8560 Kolind	0	0	0	0	0	105	94	0	0	0	0	0	0	127	0	0	0	..	0	..	0	..	0	0	..	0	0	0	..	0	0	..	..	0	0	..	..	0	..	0	0	..	0	..	0	0	0	..
Fritidshus	8570 Trustrup	..	..	..	..	..	..	..	..	..	..	..	..	..	..	..	..	..	..	..	..	..	..	..	..	..	..	..	..	..	..	..	..	..	..	..	..	..	..	..	..	..	..	..	..	..	..	..	..
Fritidshus	8581 Nimtofte	..	..	..	..	..	..	..	0	..	..	..	..	..	..	..	..	..	..	..	..	..	..	..	0	0	0	..	0	..	..	0	..	..	0	0	..	..	..	..	0	..	0	0	0	0	..	..	..
Fritidshus	8585 Glesborg	129	120	63	102	145	111	87	123	107	97	89	138	173	190	166	140	206	224	209	0	223	255	193	386	340	268	378	436	354	280	305	286	368	446	363	370	567	274	288	0	145	207	286	262	359	440	281	501
Fritidshus	8586 Ørum Djurs	..	..	..	..	..	..	..	..	..	..	..	..	..	..	..	..	..	..	..	..	..	..	..	..	..	..	..	..	..	..	..	..	..	..	..	..	..	..	..	0	..	..	..	..	..	..	..	..
Fritidshus	8592 Anholt	..	..	..	..	..	..	0	..	..	..	0	..	..	..	0	..	..	..	..	..	..	0	..	..	..	..	..	..	..	..	..	0	0	..	0	..	..	..	0	..	..	..	0	..	..	0	..	0
Fritidshus	8600 Silkeborg	0	0	..	..	0	0	0	0	0	..	0	0	0	53	0	..	0	79	0	0	..	167	0	0	0	0	0	0	0	0	0	0	0	0	213	0	0	0	..	0	0	323	0	0	0	0	0	0
Fritidshus	8620 Kjellerup	..	..	..	..	..	..	..	..	..	..	..	..	..	..	..	..	..	..	..	..	..	..	..	..	..	..	..	..	..	..	..	..	..	..	..	..	..	..	..	..	..	..	..	..	..	..	..	..
Fritidshus	8632 Lemming	..	..	..	..	..	..	..	..	..	..	..	..	..	..	..	0	..	..	..	..	..	..	..	..	..	..	..	..	..	..	..	..	..	..	..	..	..	..	..	..	..	..	..	..	..	..	..	..
Fritidshus	8641 Sorring	..	..	..	..	..	..	..	..	..	..	..	..	..	..	..	..	..	..	..	..	..	..	..	..	..	..	..	..	..	..	..	..	..	..	..	..	..	..	..	..	..	..	..	..	..	..	..	..
Fritidshus	8643 Ans By	0	0	0	0	0	0	0	0	..	0	0	0	0	0	0	..	0	..	0	0	..	0	0	0	..	0	..	0	0	0	..	..	0	0	0	0	..	0	0	..	0	..	0	..	..	..	0	0
Fritidshus	8653 Them	..	..	..	..	..	..	..	..	..	..	..	..	..	..	..	..	..	..	..	..	..	..	..	..	..	..	..	..	..	..	..	..	..	..	..	..	..	..	..	..	..	..	..	..	..	..	..	..
Fritidshus	8654 Bryrup	..	0	..	..	..	0	..	0	0	..	0	..	0	..	0	..	..	..	0	0	..	..	..	..	0	..	..	0	..	0	..	..	0	..	..	0	0	0	..	..	0	..	0	..	..	..	..	..
Fritidshus	8660 Skanderborg	..	0	..	..	0	..	0	..	..	0	..	..	..	..	0	..	..	..	..	..	..	0	..	..	..	..	..	..	0	..	0	..	..	..	0	..	..	..	..	..	0	0	..	..	0	0	..	..
Fritidshus	8670 Låsby	..	..	..	..	..	..	..	..	..	..	..	..	..	..	..	..	..	..	..	..	..	..	..	..	..	..	..	..	..	..	..	..	..	..	..	..	..	..	..	..	..	..	..	..	..	..	..	..
Fritidshus	8680 Ry	0	..	..	..	..	0	..	0	..	..	..	0	..	0	..	0	..	0	..	..	..	..	0	0	..	..	..	..	..	..	..	0	..	..	..	..	0	0	..	..	..	..	0	0	..	..	..	..
Fritidshus	8700 Horsens	..	0	..	..	..	..	..	0	0	0	..	..	..	0	..	..	..	..	..	..	..	..	..	0	..	..	..	..	0	..	..	..	..	0	..	..	..	0	0	..	0	0	..	0	..	0	..	..
Fritidshus	8721 Daugård	..	..	..	..	..	..	..	..	..	..	..	..	..	..	..	..	..	..	..	..	..	..	..	..	..	..	..	..	..	..	..	..	0	..	..	..	..	0	..	..	..	..	..	..	..	0	..	..
Fritidshus	8722 Hedensted	..	..	..	..	..	..	..	..	..	..	..	..	..	..	..	..	..	..	..	..	..	..	..	..	..	..	..	..	..	..	..	..	..	..	..	..	..	..	..	..	..	..	..	..	..	..	..	..
Fritidshus	8723 Løsning	..	..	..	..	..	..	..	..	..	..	..	..	..	..	..	..	..	..	..	..	..	..	..	..	..	..	..	..	..	..	..	..	..	..	..	..	..	..	..	..	..	..	..	..	..	..	..	..
Fritidshus	8732 Hovedgård	..	..	..	..	..	..	..	..	..	..	..	..	..	..	..	..	..	..	..	..	..	..	..	..	..	..	..	..	..	..	..	..	..	..	..	..	..	..	..	..	..	..	..	..	..	..	..	..
Fritidshus	8740 Brædstrup	..	..	0	..	..	0	..	..	..	..	..	..	..	..	..	..	..	..	..	..	..	..	0	0	..	..	..	0	..	..	0	..	..	..	0	..	..	0	0	..	0	..	..	0	..	..	..	..
Fritidshus	8751 Gedved	..	..	..	..	..	..	..	..	..	..	..	..	..	..	..	..	..	..	..	..	..	..	..	..	..	..	..	..	..	..	..	..	..	..	..	..	..	..	..	..	..	..	..	..	..	..	..	..
Fritidshus	8752 Østbirk	..	..	..	..	..	..	..	..	..	..	..	..	..	..	..	..	..	..	..	..	..	..	..	..	..	..	..	..	..	..	..	..	..	..	..	..	..	..	..	..	..	..	..	..	..	..	..	..
Fritidshus	8762 Flemming	..	..	..	..	..	..	..	..	..	..	..	..	..	..	..	..	..	..	..	..	..	..	..	..	..	..	..	..	..	..	..	..	..	..	..	..	..	..	..	..	..	..	..	..	..	..	..	..
Fritidshus	8763 Rask Mølle	..	..	..	..	..	..	..	..	..	..	..	..	..	..	..	..	..	..	..	..	..	..	..	..	..	..	..	..	..	..	..	..	..	..	..	..	..	..	..	..	..	..	..	..	..	..	..	..
Fritidshus	8765 Klovborg	..	..	..	..	..	..	..	..	..	..	..	..	..	..	..	..	..	..	..	..	..	..	..	..	..	..	..	..	..	..	..	..	..	..	..	..	..	..	..	..	..	..	..	..	..	..	..	..
Fritidshus	8766 Nørre Snede	..	..	..	..	..	..	..	..	..	..	..	..	..	..	..	..	..	..	..	..	..	..	..	..	..	..	..	..	..	..	..	..	..	..	..	..	..	..	..	..	..	..	..	..	..	..	..	..
Fritidshus	8781 Stenderup	..	..	..	..	..	..	..	..	..	..	..	..	..	..	..	..	..	..	..	..	..	..	..	..	..	..	..	..	..	..	..	..	..	..	..	..	..	..	..	..	..	..	..	..	..	..	..	..
Fritidshus	8783 Hornsyld	..	..	..	..	..	..	..	..	..	..	..	..	..	..	..	..	..	..	..	..	..	..	..	..	..	..	..	..	..	..	..	..	..	..	..	..	..	..	..	..	..	..	..	..	..	..	..	..
Fritidshus	8800 Viborg	..	..	..	..	..	..	..	..	..	..	..	..	..	0	..	..	..	..	..	0	..	..	..	..	..	..	0	0	..	..	..	..	..	..	..	..	..	..	..	..	..	..	..	..	0	..	..	..
Fritidshus	8830 Tjele	..	..	..	..	..	..	..	..	..	..	..	..	..	..	..	..	..	..	..	..	..	..	..	..	..	..	..	..	..	..	..	..	..	..	..	..	..	..	..	..	..	..	..	..	..	..	..	..
Fritidshus	8831 Løgstrup	0	0	0	..	..	132	0	0	0	..	0	..	0	0	0	0	0	0	..	..	..	0	0	0	..	0	0	..	..	0	0	..	0	0	..	0	0	0	0	0	0	..	..	..	0	..	..	0
Fritidshus	8832 Skals	..	..	0	..	0	109	..	0	0	0	..	..	0	0	0	0	0	..	..	..	0	0	..	0	0	0	0	..	..	..	..	..	..	..	0	..	..	0	0	0	0	0	0	..	..	..	0	..
Fritidshus	8840 Rødkærsbro	..	..	..	..	..	..	..	..	..	..	..	..	..	..	..	..	..	..	..	..	..	..	..	..	..	..	0	..	..	..	..	..	..	..	..	..	..	..	..	..	..	..	..	..	..	..	..	..
Fritidshus	8850 Bjerringbro	0	0	..	0	0	0	..	..	0	0	0	..	..	..	..	..	0	..	0	..	0	..	0	..	0	..	0	0	..	..	..	..	..	0	..	..	..	..	0	0	0	0	0	..	..	0	..	..
Fritidshus	8860 Ulstrup	..	..	0	..	..	..	..	..	..	..	..	..	..	..	..	..	..	..	..	..	..	..	..	..	..	..	..	..	..	..	..	..	..	..	..	..	..	..	..	..	..	..	..	..	..	..	..	..
Fritidshus	8870 Langå	..	..	..	..	..	..	..	..	..	..	..	..	..	..	..	..	..	..	..	..	..	..	..	..	..	..	..	..	..	..	..	..	..	..	..	..	..	..	..	..	..	..	..	..	..	..	..	..
Fritidshus	8881 Thorsø	..	..	..	..	..	..	..	..	..	..	..	..	..	..	..	..	..	..	..	..	..	..	..	..	..	..	..	..	..	..	..	..	..	..	..	..	..	..	..	..	..	..	..	..	..	..	..	..
Fritidshus	8882 Fårvang	0	150	0	0	0	113	0	0	0	0	48	0	..	0	0	0	0	0	0	..	..	0	256	..	0	0	0	..	0	0	0	0	0	0	0	0	0	107	0	0	0	0	0	0	0	0	0	0
Fritidshus	8883 Gjern	..	0	0	..	..	..	0	..	..	..	..	..	..	..	..	..	..	..	..	0	..	..	..	..	..	0	..	..	..	..	0	..	..	0	..	0	..	..	0	..	..	0	..	..	..	0	..	0
Fritidshus	8900 Randers C	..	..	..	..	..	..	..	..	..	..	..	..	..	..	..	..	..	..	..	..	..	..	..	..	..	..	..	..	..	..	..	..	..	..	..	..	..	..	..	..	..	..	..	..	..	..	..	..
Fritidshus	8920 Randers NV	..	..	..	..	..	..	..	..	..	..	..	..	..	..	..	..	..	..	..	..	..	..	..	..	..	..	..	..	..	..	..	..	..	..	..	..	..	0	0	..	..	..	0	..	..	..	..	..
Fritidshus	8930 Randers NØ	..	..	..	..	..	..	..	..	..	..	..	..	..	..	..	..	..	..	..	..	..	..	..	..	..	..	..	..	..	..	..	..	..	..	..	..	..	..	..	..	..	..	..	..	..	..	..	..
Fritidshus	8940 Randers SV	..	..	..	..	..	0	..	..	..	0	..	..	..	..	..	..	..	..	..	..	..	..	..	..	..	..	..	..	..	..	..	..	..	..	..	..	..	..	0	..	..	..	..	..	..	..	..	..
Fritidshus	8950 Ørsted	81	139	0	157	0	91	44	0	131	198	0	0	0	0	161	0	0	234	0	0	0	0	432	0	0	0	182	0	..	0	342	..	0	0	0	0	0	..	0	573	..	0	426	267	0	0	0	0
Fritidshus	8960 Randers SØ	..	..	..	..	..	..	..	..	..	..	..	..	..	..	..	..	..	..	..	..	..	..	..	..	..	..	..	..	..	..	..	..	..	..	..	..	..	..	..	..	..	..	..	..	..	..	..	..
Fritidshus	8961 Allingåbro	220	0	0	0	0	0	0	0	0	0	0	0	0	0	292	0	0	386	..	0	..	0	0	0	0	0	189	0	0	0	0	0	0	0	0	0	..	306	0	0	..	0	0	0	0	0	0	0
Fritidshus	8963 Auning	..	..	..	..	..	..	..	..	..	..	..	..	..	..	..	..	..	..	..	..	..	..	..	..	..	..	..	..	..	..	..	..	..	..	..	..	..	..	..	..	..	..	..	..	..	..	..	..
Fritidshus	8970 Havndal	0	0	..	0	..	..	..	0	..	0	..	..	0	0	..	..	..	..	..	..	..	..	0	..	..	0	0	0	..	..	0	..	..	..	..	..	0	..	..	0	..	0	..	..	0	..	..	..
Fritidshus	8981 Spentrup	..	..	..	..	..	..	..	..	..	..	..	..	..	..	..	..	..	..	..	..	..	..	..	..	..	..	..	..	..	..	..	..	..	..	..	..	..	..	..	..	..	..	..	..	..	..	..	..
Fritidshus	8983 Gjerlev J	..	..	..	..	..	0	..	..	..	..	..	..	..	..	..	..	..	..	..	..	..	..	..	..	..	..	..	..	..	..	..	..	..	..	..	..	..	..	..	..	..	..	..	..	..	..	..	..
Fritidshus	8990 Fårup	..	..	..	..	..	..	..	..	..	..	..	..	..	..	..	..	..	..	..	..	..	..	..	..	..	..	..	..	..	..	..	..	..	..	..	..	..	..	..	..	..	..	..	..	..	..	..	..
Fritidshus	9000 Aalborg	..	0	0	..	0	..	0	..	..	..	..	0	0	0	0	..	0	0	0	..	..	..	0	..	..	0	..	..	0	..	..	0	0	..	0	0	0	..	..	..	0	0	0	0	0	0	0	0
Fritidshus	9200 Aalborg SV	..	..	..	..	..	..	..	..	..	..	..	..	..	..	..	..	..	..	..	..	..	..	..	..	..	..	..	..	..	..	..	..	..	..	..	..	..	..	..	..	..	..	..	..	..	..	..	..
Fritidshus	9210 Aalborg SØ	..	..	..	..	..	..	..	..	..	..	..	..	..	..	..	..	..	..	..	..	..	..	..	..	..	..	..	..	..	..	..	..	..	..	..	..	..	..	..	..	..	..	..	..	..	..	..	..
Fritidshus	9220 Aalborg Øst	..	..	..	..	..	..	..	..	..	..	..	..	..	..	..	..	..	..	..	..	..	..	..	..	..	..	..	..	..	..	..	..	..	..	..	..	..	..	..	..	..	..	..	..	..	..	..	..
Fritidshus	9230 Svenstrup J	..	..	0	..	..	..	..	..	..	..	..	..	..	..	..	..	..	..	..	..	..	..	..	..	..	..	..	..	..	..	..	..	..	..	..	..	..	0	..	0	..	0	..	..	..	..	..	..
Fritidshus	9240 Nibe	0	247	0	0	0	0	0	0	0	0	0	0	0	0	0	..	0	0	0	0	..	0	0	..	0	115	..	0	..	0	0	0	0	0	..	0	0	0	0	0	0	147	..	0	0	0	0	0
Fritidshus	9260 Gistrup	..	0	0	0	0	..	..	0	0	0	0	..	..	0	0	0	..	..	0	0	..	0	..	..	0	0	0	..	0	..	0	0	..	0	..	0	..	0	0	..	0	..	0	..	..	0	0	..
Fritidshus	9270 Klarup	..	..	..	..	..	..	..	..	..	..	..	..	..	..	..	..	..	..	..	..	..	..	..	..	..	..	..	..	..	..	..	..	..	..	..	..	..	..	..	..	..	..	..	..	..	..	..	..
Fritidshus	9280 Storvorde	189	138	116	149	73	77	55	45	157	112	103	192	257	156	115	139	0	322	0	0	0	159	302	0	200	0	349	0	397	450	297	165	385	398	146	399	401	424	177	241	..	329	342	0	537	0	0	0
Fritidshus	9293 Kongerslev	..	..	..	..	..	..	..	..	..	..	..	..	..	..	..	..	..	..	..	..	..	..	..	..	..	..	..	..	..	..	..	..	..	..	..	..	..	..	..	..	..	..	..	..	..	..	..	..
Fritidshus	9300 Sæby	104	146	93	0	214	250	55	0	0	99	119	0	160	145	146	176	280	81	0	248	0	350	0	260	262	258	286	278	0	469	322	232	596	275	187	0	0	292	253	0	514	447	177	415	0	0	0	0
Fritidshus	9310 Vodskov	..	0	..	..	..	..	..	..	..	..	..	..	..	..	..	..	..	0	..	..	..	..	..	..	..	..	..	..	..	..	..	..	..	..	..	..	..	..	..	..	..	..	..	..	..	..	..	..
Fritidshus	9320 Hjallerup	..	..	..	..	..	..	..	..	..	..	..	..	..	..	..	..	..	..	..	..	..	..	..	..	..	..	..	..	..	..	..	..	..	..	..	..	..	..	..	..	..	..	..	..	..	..	..	..
Fritidshus	9330 Dronninglund	..	..	..	..	..	..	..	..	..	..	..	..	..	..	..	..	..	..	..	..	..	..	..	..	..	..	..	..	..	..	..	..	..	..	..	..	..	..	..	..	..	..	..	..	..	..	..	..
Fritidshus	9340 Asaa	..	0	..	0	0	..	0	..	..	0	0	..	..	..	0	0	..	0	0	..	..	..	0	0	..	..	0	0	..	..	0	..	..	0	..	..	0	..	..	..	..	..	..	..	..	0	0	..
Fritidshus	9352 Dybvad	..	..	..	..	..	..	..	..	..	..	..	..	..	..	..	..	..	..	..	..	..	..	..	..	..	..	..	..	..	..	..	..	..	..	..	..	..	..	..	0	..	..	..	..	..	..	..	..
Fritidshus	9362 Gandrup	..	..	..	..	..	..	..	..	..	..	..	..	..	..	..	..	..	..	..	..	..	..	..	..	..	..	..	..	..	..	..	..	..	..	..	..	..	..	..	..	..	..	..	..	..	..	..	..
Fritidshus	9370 Hals	183	140	79	121	125	114	83	109	173	127	112	204	191	160	138	171	255	206	296	250	248	350	279	362	356	292	342	381	312	277	398	315	364	230	272	348	294	349	133	288	525	398	404	659	386	508	399	286
Fritidshus	9380 Vestbjerg	..	..	..	..	..	0	..	..	..	0	..	..	..	..	..	..	..	..	..	0	..	..	..	..	..	..	..	..	..	..	0	..	..	0	..	0	..	..	..	..	..	..	..	..	..	..	..	..
