ejendomskategori	postnumre	2004K1	2004K2	2004K3	2004K4	2005K1	2005K2	2005K3	2005K4	2006K1	2006K2	2006K3	2006K4	2007K1	2007K2	2007K3	2007K4	2008K1	2008K2	2008K3	2008K4	2009K1	2009K2	2009K3	2009K4	2010K1	2010K2	2010K3	2010K4	2011K1	2011K2	2011K3	2011K4	2012K1	2012K2	2012K3	2012K4	2013K1	2013K2	2013K3	2013K4	2014K1	2014K2	2014K3	2014K4	2015K1	2015K2	2015K3	2015K4	
Parcel-/rækkehus	1000-1499 Kbh.K.	..	0	0	0	0	0	0	0	..	0	..	0	..	..	..	..	0	0	..	..	..	0	0	..	..	0	..	..	..	0	..	0	..	0	0	..	..	0	0	..	0	0	..	0	0	0	..	0
Parcel-/rækkehus	1500-1799 Kbh.V.	..	..	..	0	0	..	..	0	..	..	0	..	0	..	..	0	0	0	..	0	0	..	0	0	..	..	0	0	0	0	..	..	0	0	0	0	0	0	..	0	..	0	..	..	..	0	0	0
Parcel-/rækkehus	1800-1999 Frederiksberg C	0	0	..	0	0	..	..	0	0	0	0	0	0	..	..	..	..	..	..	0	0	0	0	0	..	0	0	..	..	0	0	..	0	0	0	..	0	0	0	0	0	0	259	..	0	0	0	..
Parcel-/rækkehus	2000 Frederiksberg	156	148	177	66	123	176	100	74	0	85	148	153	103	137	232	0	218	96	127	216	0	99	126	265	163	160	238	131	87	93	143	144	126	81	121	153	105	91	109	74	93	104	95	66	94	72	96	105
Parcel-/rækkehus	2100 København Ø	68	185	55	110	74	52	73	129	22	0	0	151	169	143	186	159	223	238	0	202	149	182	215	230	186	55	87	161	113	69	123	99	143	90	142	149	101	86	100	55	89	60	50	72	110	156	109	100
Parcel-/rækkehus	2150 Nordhavn	..	..	..	..	..	..	..	..	..	..	..	..	..	..	..	..	..	..	..	..	..	..	..	..	..	..	..	..	..	..	..	..	..	..	..	..	..	..	..	..	..	..	..	..	..	..	..	..
Parcel-/rækkehus	2200 København N	..	..	..	..	0	..	..	..	..	..	..	..	..	..	..	0	..	..	..	..	..	..	..	..	..	..	..	..	..	..	..	..	..	..	..	..	0	..	..	..	..	..	..	..	..	..	..	..
Parcel-/rækkehus	2300 København S	112	132	109	103	72	83	79	105	93	72	98	129	91	128	158	152	133	149	167	138	149	155	152	185	150	118	104	95	138	97	109	135	113	159	135	126	100	104	102	113	102	70	82	103	111	68	52	112
Parcel-/rækkehus	2400 København NV	122	104	0	71	82	79	106	94	103	74	0	0	0	167	257	181	180	210	133	190	368	265	156	0	107	57	100	113	92	58	104	129	97	205	180	114	107	118	173	94	111	60	54	28	86	66	62	82
Parcel-/rækkehus	2450 København SV	..	..	..	..	..	..	..	0	..	..	..	..	..	..	..	..	..	..	..	..	..	..	..	0	..	..	..	..	..	..	..	..	..	..	..	..	..	..	..	..	..	..	..	..	..	0	..	..
Parcel-/rækkehus	2500 Valby	128	92	157	128	92	74	81	68	139	70	90	106	145	120	115	146	150	146	140	197	188	166	206	155	139	143	103	166	115	123	97	159	143	141	106	107	172	101	126	106	130	96	99	107	116	85	62	92
Parcel-/rækkehus	2600 Glostrup	106	77	107	88	65	57	58	62	91	73	73	108	130	137	143	192	194	142	181	231	194	211	208	166	167	135	125	150	123	141	136	150	153	151	119	125	182	116	81	147	86	87	89	109	118	105	105	79
Parcel-/rækkehus	2605 Brøndby	126	114	96	66	105	60	105	66	67	96	153	161	153	177	152	148	146	146	171	140	147	208	135	120	158	131	87	163	163	110	134	129	142	203	141	173	99	171	158	133	102	89	104	111	86	123	76	61
Parcel-/rækkehus	2610 Rødovre	142	121	95	100	75	63	66	57	75	92	93	128	168	150	168	156	190	151	182	164	118	132	138	161	154	125	126	133	118	128	94	142	172	170	185	186	125	93	132	94	130	115	131	108	108	81	71	81
Parcel-/rækkehus	2620 Albertslund	122	96	43	62	98	36	67	99	97	89	82	51	138	129	168	157	126	100	125	218	282	235	231	202	204	130	88	146	127	84	139	127	126	187	96	144	89	103	128	70	161	77	86	79	91	98	72	86
Parcel-/rækkehus	2625 Vallensbæk	82	99	81	53	66	56	52	42	0	44	68	0	103	116	137	194	160	121	0	184	175	165	112	169	267	143	118	124	95	166	93	129	116	117	125	123	73	73	89	70	107	98	109	69	123	92	157	48
Parcel-/rækkehus	2630 Taastrup	99	146	130	89	113	84	110	71	99	105	140	141	151	139	158	158	176	160	148	174	201	233	170	174	180	177	94	119	174	133	167	156	188	155	161	120	132	132	124	146	122	98	142	148	134	115	98	109
Parcel-/rækkehus	2635 Ishøj	136	100	110	73	133	65	53	58	43	92	72	119	131	164	140	157	225	221	197	235	258	212	215	175	270	242	147	134	253	154	298	172	185	212	160	252	193	119	129	249	154	192	142	131	130	136	168	82
Parcel-/rækkehus	2640 Hedehusene	135	122	98	107	143	150	70	91	92	86	135	131	160	180	175	222	119	185	152	288	165	155	201	185	262	155	271	153	180	120	142	219	195	206	169	179	172	158	120	143	163	144	166	177	158	169	147	192
Parcel-/rækkehus	2650 Hvidovre	141	98	84	69	89	61	65	72	81	88	100	108	153	143	141	149	186	160	159	183	187	204	211	283	161	176	185	132	165	114	155	156	174	140	157	188	196	134	149	132	138	101	104	118	132	81	72	94
Parcel-/rækkehus	2660 Brøndby Strand	137	79	79	62	70	57	66	102	70	77	88	109	130	231	204	181	186	269	177	263	303	186	200	322	187	125	118	127	118	185	176	228	191	229	107	204	202	130	239	237	134	151	174	159	120	121	110	77
Parcel-/rækkehus	2665 Vallensbæk Strand	99	90	82	72	89	80	61	101	62	96	116	0	143	162	167	173	179	217	121	212	174	214	189	167	254	210	196	109	153	207	136	125	146	146	181	158	296	194	116	188	97	198	185	153	146	85	88	131
Parcel-/rækkehus	2670 Greve	139	143	110	126	110	90	91	102	88	113	128	162	164	156	184	161	173	192	187	185	199	191	176	219	206	159	162	201	165	113	120	162	186	209	135	122	145	160	175	133	175	137	130	140	110	118	112	119
Parcel-/rækkehus	2680 Solrød Strand	118	128	96	102	106	139	85	64	107	111	104	127	170	172	165	205	218	248	179	233	195	287	205	296	272	202	201	226	184	153	177	213	215	157	219	239	167	199	136	195	195	142	183	161	216	142	143	135
Parcel-/rækkehus	2690 Karlslunde	176	188	121	126	101	120	135	109	118	120	120	116	136	195	170	155	129	193	163	167	216	212	246	160	149	208	118	155	142	148	133	116	286	156	152	201	231	156	178	75	171	154	154	160	170	152	119	133
Parcel-/rækkehus	2700 Brønshøj	133	120	92	78	91	83	104	102	89	108	129	122	175	144	169	167	157	187	174	202	228	192	184	164	178	113	150	106	99	86	170	121	186	132	108	171	174	138	119	127	136	90	129	98	107	93	64	119
Parcel-/rækkehus	2720 Vanløse	103	122	87	69	100	78	90	81	95	94	91	91	159	154	124	149	148	182	149	0	187	185	177	159	257	117	140	156	96	79	92	145	204	167	170	117	117	101	93	66	144	89	94	123	99	101	84	84
Parcel-/rækkehus	2730 Herlev	136	114	115	111	95	69	82	88	97	104	104	147	151	170	166	158	178	192	166	236	186	172	211	189	251	164	185	106	98	152	132	155	205	149	162	193	156	127	151	128	155	138	141	134	134	120	116	83
Parcel-/rækkehus	2740 Skovlunde	94	123	86	84	93	120	89	59	74	71	108	151	128	169	138	188	210	192	197	243	238	310	149	112	196	165	176	194	145	154	160	181	155	183	114	170	100	101	175	147	179	115	173	160	163	119	116	117
Parcel-/rækkehus	2750 Ballerup	156	79	82	76	95	83	69	87	122	89	111	161	167	147	194	179	206	176	189	204	219	194	322	213	204	198	138	176	91	164	134	188	216	195	124	227	186	213	161	110	143	181	155	143	154	171	158	98
Parcel-/rækkehus	2760 Måløv	157	94	131	86	75	70	65	59	0	77	84	0	99	211	198	252	182	159	151	0	254	165	216	150	277	284	103	176	109	196	0	206	187	109	212	169	0	93	84	138	161	0	0	144	139	93	44	0
Parcel-/rækkehus	2765 Smørum	111	98	93	126	95	69	71	67	92	100	118	123	160	236	214	204	206	303	287	176	181	159	200	220	151	354	225	181	160	196	181	152	236	218	128	273	205	197	154	223	153	144	134	157	152	141	93	122
Parcel-/rækkehus	2770 Kastrup	120	84	89	81	124	64	82	85	52	58	86	109	155	124	161	159	166	144	126	149	154	129	178	191	160	122	100	95	100	100	97	110	122	130	111	128	120	112	89	110	102	77	73	84	87	81	71	68
Parcel-/rækkehus	2791 Dragør	204	146	95	127	102	111	64	70	53	102	144	166	148	157	155	180	153	177	187	186	207	229	244	179	241	202	215	215	185	199	151	156	211	217	186	251	210	163	126	119	142	147	106	92	134	178	101	121
Parcel-/rækkehus	2800 Kgs.Lyngby	118	117	108	68	82	64	65	82	98	77	111	143	156	138	162	146	168	134	113	132	138	156	134	184	154	134	147	105	128	97	101	109	113	106	134	116	124	113	94	82	127	90	102	83	109	115	87	99
Parcel-/rækkehus	2820 Gentofte	119	121	83	78	96	91	133	101	116	108	103	110	170	144	170	151	216	156	172	137	184	181	149	190	160	133	93	127	121	150	119	137	153	150	124	166	140	122	97	123	170	111	110	125	133	72	101	106
Parcel-/rækkehus	2830 Virum	118	102	95	83	74	62	61	64	104	73	109	123	129	144	152	134	129	126	147	128	139	140	132	131	142	117	102	110	108	109	111	125	107	122	101	140	116	96	92	117	145	80	82	101	117	83	90	69
Parcel-/rækkehus	2840 Holte	165	110	132	134	142	70	101	106	78	53	94	113	107	173	185	118	198	147	210	117	187	204	196	230	234	179	176	152	124	116	124	200	184	189	164	181	206	155	153	153	189	146	174	142	161	129	166	142
Parcel-/rækkehus	2850 Nærum	170	74	72	62	53	109	100	22	103	96	0	0	0	0	220	0	206	110	234	0	231	285	175	0	293	173	83	144	128	97	112	124	165	138	194	178	157	178	202	106	113	163	0	210	187	115	163	93
Parcel-/rækkehus	2860 Søborg	128	113	111	103	99	73	56	58	89	80	95	116	155	144	159	147	198	157	143	180	185	175	163	210	141	187	119	71	98	135	116	139	197	164	120	167	197	119	135	86	158	100	138	146	132	109	108	110
Parcel-/rækkehus	2870 Dyssegård	0	57	187	0	64	53	124	100	100	67	86	0	180	150	42	103	177	91	114	0	171	107	148	222	166	73	80	85	118	87	184	0	161	96	111	98	98	70	177	59	94	62	61	79	139	66	59	61
Parcel-/rækkehus	2880 Bagsværd	116	104	120	109	126	89	96	88	109	96	121	125	184	155	179	152	159	200	172	205	187	207	177	169	142	163	164	182	129	117	126	111	168	165	147	150	137	97	120	175	104	129	160	155	92	99	88	104
Parcel-/rækkehus	2900 Hellerup	131	122	88	104	125	88	130	110	127	112	115	115	174	141	155	125	207	167	188	151	202	220	154	129	179	171	131	147	127	147	115	158	208	108	206	212	187	154	129	112	101	86	110	119	123	111	113	82
Parcel-/rækkehus	2920 Charlottenlund	131	118	120	165	142	101	77	114	114	121	102	132	164	184	177	187	219	175	187	274	173	181	167	193	246	133	180	181	185	141	143	132	150	132	120	205	205	163	154	177	156	163	207	127	168	124	144	139
Parcel-/rækkehus	2930 Klampenborg	195	130	133	161	155	179	84	117	70	127	0	0	0	89	0	204	0	156	280	0	172	144	172	272	214	291	254	209	118	200	183	197	283	332	148	218	0	225	226	197	287	191	189	158	179	169	100	0
Parcel-/rækkehus	2942 Skodsborg	0	0	176	..	0	118	0	..	0	85	..	0	..	0	127	..	0	0	0	0	0	0	0	0	0	0	0	..	0	0	0	..	0	0	0	0	0	0	0	0	..	0	0	0	0	0	0	0
Parcel-/rækkehus	2950 Vedbæk	100	151	103	111	112	86	153	57	98	97	111	0	140	116	134	89	214	198	116	161	131	152	266	247	196	275	272	128	181	106	142	156	211	134	146	209	281	180	184	179	134	179	145	175	145	140	125	138
Parcel-/rækkehus	2960 Rungsted Kyst	148	168	113	119	131	87	109	116	125	95	139	87	191	147	116	145	178	231	206	144	0	182	191	176	222	251	139	174	240	184	236	172	276	230	204	127	189	185	233	174	277	170	211	93	189	153	252	212
Parcel-/rækkehus	2970 Hørsholm	141	158	93	79	104	90	85	90	118	79	100	125	153	127	165	139	156	173	205	214	181	135	176	135	172	124	163	121	154	141	153	190	174	113	168	166	189	123	134	149	120	105	96	159	189	114	110	168
Parcel-/rækkehus	2980 Kokkedal	101	126	139	85	109	62	89	61	58	92	100	69	118	125	128	177	189	183	151	215	185	184	181	161	197	168	152	129	104	145	144	172	130	162	179	97	170	118	144	162	192	178	113	200	146	96	71	61
Parcel-/rækkehus	2990 Nivå	148	86	173	80	60	86	77	75	31	54	85	0	157	130	186	142	211	180	225	231	183	266	145	106	140	107	123	120	142	178	217	218	338	267	251	208	151	78	166	189	138	97	99	163	160	183	135	115
Parcel-/rækkehus	3000 Helsingør	131	149	97	95	73	87	54	82	81	85	98	132	101	161	116	146	180	184	144	170	185	169	161	162	197	143	164	98	117	88	111	155	122	175	165	190	139	188	96	189	129	202	206	160	209	121	152	125
Parcel-/rækkehus	3050 Humlebæk	143	181	193	95	148	112	82	88	77	76	96	92	0	151	126	114	215	128	0	202	247	137	182	273	381	180	202	134	200	169	103	229	116	129	182	175	203	211	135	177	188	153	212	250	180	185	90	72
Parcel-/rækkehus	3060 Espergærde	126	109	46	124	46	63	91	68	104	87	74	131	159	154	98	103	132	216	137	149	139	194	172	207	101	92	219	182	149	122	132	184	192	109	165	154	158	115	175	106	206	172	161	141	143	130	101	109
Parcel-/rækkehus	3070 Snekkersten	94	196	188	199	78	104	110	138	104	82	81	133	112	147	183	180	0	87	170	121	195	167	0	179	235	128	242	120	315	156	178	240	152	138	224	199	140	171	236	259	154	47	246	104	180	208	188	165
Parcel-/rækkehus	3080 Tikøb	0	74	0	0	..	110	0	0	0	0	0	0	0	161	0	0	..	0	..	0	..	0	0	0	0	0	0	0	0	..	0	..	0	..	0	0	0	0	0	..	0	0	0	0	0	0	0	0
Parcel-/rækkehus	3100 Hornbæk	157	286	262	84	85	106	76	65	127	85	121	0	103	160	136	181	295	170	0	98	349	0	0	0	379	274	302	87	175	289	112	190	444	0	224	495	169	398	232	254	254	176	207	289	216	351	133	82
Parcel-/rækkehus	3120 Dronningmølle	212	202	0	0	112	162	0	0	0	157	0	0	0	256	0	0	..	0	0	0	..	0	0	0	0	0	0	0	..	..	0	0	0	..	..	0	0	0	..	254	..	0	0	..	0	0	0	..
Parcel-/rækkehus	3140 Ålsgårde	160	184	134	148	142	91	120	126	132	143	114	138	116	108	228	179	118	223	196	266	165	162	120	195	341	241	116	345	233	180	194	241	0	76	194	174	224	172	139	199	336	141	137	140	272	138	0	0
Parcel-/rækkehus	3150 Hellebæk	0	0	..	..	0	0	..	..	0	0	0	..	0	0	0	0	0	0	..	0	0	0	0	0	..	..	..	..	0	..	0	..	..	..	0	0	0	0	..	..	..	0	0	..	0	0	0	0
Parcel-/rækkehus	3200 Helsinge	145	98	96	114	129	110	65	79	83	92	93	107	139	163	178	228	167	197	222	214	247	245	208	186	235	222	168	231	202	199	245	225	190	210	241	188	206	220	203	187	140	239	196	179	159	162	152	143
Parcel-/rækkehus	3210 Vejby	208	100	151	101	163	72	120	72	84	114	87	0	117	137	216	106	0	172	..	0	0	0	0	0	258	227	0	0	0	106	..	110	237	274	0	0	..	0	0	211	270	0	81	134	0	0	0	0
Parcel-/rækkehus	3220 Tisvildeleje	0	0	0	0	0	114	0	..	0	0	34	..	0	0	106	0	0	..	0	..	..	0	0	..	0	0	0	0	0	0	0	..	..	0	0	0	0	332	0	0	0	..	78	0	0	0	0	0
Parcel-/rækkehus	3230 Græsted	125	112	122	126	106	102	92	79	98	102	85	90	103	152	155	161	220	204	210	236	223	227	245	205	241	154	218	288	210	158	175	205	219	304	221	178	203	227	121	225	193	334	213	184	139	162	139	173
Parcel-/rækkehus	3250 Gilleleje	146	104	156	144	143	151	127	83	111	91	98	115	160	116	165	156	299	263	149	252	251	242	208	266	297	251	278	278	200	255	323	162	270	166	228	214	266	297	320	208	175	254	165	234	170	196	226	259
Parcel-/rækkehus	3300 Frederiksværk	111	124	95	106	81	87	76	94	96	89	72	100	102	130	166	116	146	186	138	185	231	110	171	216	214	169	136	240	155	123	124	128	160	163	128	135	199	129	140	187	139	210	199	159	196	201	153	151
Parcel-/rækkehus	3310 Ølsted	0	76	48	148	0	0	119	88	0	67	0	0	0	0	0	0	172	0	326	0	284	0	192	0	0	126	99	0	0	0	0	0	0	150	0	0	205	0	0	0	0	81	0	0	0	0	0	0
Parcel-/rækkehus	3320 Skævinge	87	122	100	110	68	57	66	86	89	71	76	71	137	143	128	207	182	206	150	192	151	284	285	417	238	185	102	197	208	289	188	310	267	118	208	302	221	229	0	291	222	254	96	87	157	163	187	119
Parcel-/rækkehus	3330 Gørløse	77	80	82	0	0	32	86	166	0	147	0	0	0	0	0	0	0	0	0	0	0	0	0	0	0	0	0	0	0	0	0	121	0	0	338	0	0	394	122	0	0	0	0	..	155	0	0	0
Parcel-/rækkehus	3360 Liseleje	113	0	94	0	0	99	0	0	0	87	0	0	114	0	0	0	141	0	0	..	0	0	..	0	..	0	0	0	0	0	0	..	0	0	0	0	225	0	0	..	0	80	0	..	314	41	0	0
Parcel-/rækkehus	3370 Melby	..	0	79	0	78	123	93	0	0	..	0	0	0	0	0	0	0	0	0	0	..	0	0	..	..	0	0	..	0	0	0	0	0	0	0	0	..	0	0	0	0	0	0	..	..	0	0	..
Parcel-/rækkehus	3390 Hundested	110	113	107	104	169	87	61	50	50	93	100	125	115	109	130	151	120	128	179	199	246	227	190	261	177	173	224	132	97	177	183	256	209	178	193	162	189	126	167	167	200	218	231	133	133	140	192	77
Parcel-/rækkehus	3400 Hillerød	127	105	76	87	95	99	104	85	113	129	108	114	157	142	162	140	183	145	170	185	196	184	198	214	196	187	119	140	177	136	174	159	150	217	176	181	206	184	165	128	180	97	154	155	149	154	141	148
Parcel-/rækkehus	3450 Allerød	146	131	106	98	126	111	88	113	110	110	123	111	150	170	173	189	240	213	228	228	176	194	216	263	169	169	69	84	225	132	136	171	143	154	181	168	186	170	132	146	108	128	137	124	158	139	83	94
Parcel-/rækkehus	3460 Birkerød	189	146	152	95	94	102	92	83	98	108	122	150	163	150	139	169	195	178	142	202	253	172	211	196	193	154	124	123	181	133	110	128	181	171	177	156	202	164	115	157	158	110	130	114	140	145	125	141
Parcel-/rækkehus	3480 Fredensborg	165	102	88	100	171	122	99	90	109	101	131	100	156	132	156	172	179	175	190	269	233	247	224	304	248	261	213	143	224	219	152	189	233	240	198	207	206	351	232	242	210	207	201	166	171	182	181	112
Parcel-/rækkehus	3490 Kvistgård	0	0	..	0	0	0	0	140	0	0	0	0	0	0	0	0	0	0	0	..	0	0	0	0	375	0	0	0	0	0	0	0	0	0	0	0	..	0	..	187	0	0	0	0	0	0	0	0
Parcel-/rækkehus	3500 Værløse	160	130	111	128	111	91	84	66	80	79	99	119	126	131	160	168	212	150	172	201	232	215	267	214	183	212	176	131	193	152	123	162	142	203	163	162	172	164	166	187	135	88	110	121	111	105	102	115
Parcel-/rækkehus	3520 Farum	119	105	94	110	102	67	103	76	64	64	75	107	86	138	185	234	151	223	246	238	234	225	239	196	243	189	225	154	186	197	191	145	189	158	176	164	193	141	123	120	153	112	127	154	122	85	117	101
Parcel-/rækkehus	3540 Lynge	189	149	135	126	133	115	174	66	96	108	115	0	155	102	170	205	0	211	271	0	0	299	112	349	0	221	200	327	174	132	84	180	0	223	82	0	148	178	167	174	158	202	168	106	152	119	85	144
Parcel-/rækkehus	3550 Slangerup	169	159	123	112	73	107	82	62	91	71	110	88	119	161	149	171	125	225	220	332	225	285	193	258	336	226	126	139	200	209	228	174	249	276	265	185	244	135	150	176	236	184	160	191	204	196	168	207
Parcel-/rækkehus	3600 Frederikssund	137	132	94	124	132	84	97	73	56	67	78	95	106	143	146	156	194	195	197	235	272	170	220	214	277	251	228	184	150	147	148	179	209	192	182	202	124	139	184	173	189	145	179	219	136	135	146	137
Parcel-/rækkehus	3630 Jægerspris	151	116	97	142	141	104	143	135	79	48	92	92	143	146	195	171	112	183	270	248	244	242	0	277	225	154	315	220	0	202	369	250	160	253	299	138	195	273	213	74	183	249	212	205	212	143	227	188
Parcel-/rækkehus	3650 Ølstykke	116	152	49	142	0	44	80	44	110	74	136	183	151	184	171	177	232	191	179	144	316	178	186	188	218	171	141	121	190	156	143	186	175	182	161	122	116	145	174	112	145	168	137	152	134	138	78	105
Parcel-/rækkehus	3660 Stenløse	157	104	144	97	78	68	90	59	113	134	140	166	146	136	174	158	195	161	197	246	185	241	237	219	161	220	148	134	151	124	74	236	133	161	151	170	76	174	139	127	171	85	116	168	149	153	110	110
Parcel-/rækkehus	3670 Veksø Sjælland	131	208	83	0	124	0	35	83	120	134	119	0	163	0	0	0	181	0	0	0	0	314	245	0	453	0	0	0	0	184	0	99	221	0	124	116	0	202	196	0	0	151	215	128	224	128	152	0
Parcel-/rækkehus	3700 Rønne	121	122	125	105	119	98	99	100	85	58	73	67	74	56	77	71	99	72	110	117	134	157	125	154	191	210	166	197	237	147	123	198	205	137	176	205	197	283	209	259	264	208	193	186	191	211	236	192
Parcel-/rækkehus	3720 Aakirkeby	156	113	215	141	148	174	99	110	62	62	87	104	130	97	150	64	234	92	112	120	170	111	192	160	232	275	103	70	195	155	201	202	0	228	379	251	0	226	137	0	219	0	233	97	301	326	469	363
Parcel-/rækkehus	3730 Nexø	79	144	158	161	182	150	143	209	127	101	83	113	73	67	116	76	145	145	96	156	143	225	138	205	226	201	196	100	200	0	141	231	257	174	140	204	0	263	108	276	108	281	239	330	235	408	205	350
Parcel-/rækkehus	3740 Svaneke	209	187	208	75	85	147	149	110	173	81	72	0	141	52	52	0	0	0	0	0	162	185	242	0	0	275	344	365	0	178	329	0	0	0	228	0	417	316	220	565	371	369	484	0	285	0	0	0
Parcel-/rækkehus	3751 Østermarie	0	0	85	0	79	0	78	132	111	78	79	72	107	0	0	0	84	85	75	134	0	51	140	0	0	0	0	0	0	0	0	0	0	0	0	0	0	0	0	0	0	0	0	0	0	0	0	0
Parcel-/rækkehus	3760 Gudhjem	54	0	106	0	0	129	87	91	235	0	83	165	134	86	69	0	0	104	102	0	0	0	0	0	0	0	433	201	0	0	0	0	0	209	0	0	0	169	265	487	191	0	304	0	0	0	0	0
Parcel-/rækkehus	3770 Allinge	94	116	103	121	119	131	116	128	128	82	79	118	147	161	135	139	120	138	136	0	0	263	136	68	426	227	223	194	0	374	249	527	0	271	246	375	0	330	183	474	284	173	153	303	161	132	286	64
Parcel-/rækkehus	3782 Klemensker	0	228	112	113	94	0	121	0	64	140	0	47	98	78	0	49	0	0	57	0	0	0	0	318	0	0	0	0	0	0	129	..	0	0	0	0	0	163	0	..	0	0	0	0	..	0	0	0
Parcel-/rækkehus	3790 Hasle	142	149	170	178	152	105	249	88	223	120	89	78	86	68	107	99	134	0	95	0	0	279	74	0	0	201	0	485	0	0	357	138	0	56	0	0	0	587	371	210	0	310	219	204	0	0	0	0
Parcel-/rækkehus	4000 Roskilde	122	111	113	92	140	91	84	66	66	89	97	122	145	135	129	166	147	215	155	182	171	195	190	219	213	180	158	140	172	157	160	134	165	182	160	158	139	119	134	128	134	154	122	156	152	131	103	122
Parcel-/rækkehus	4030 Tune	123	86	115	126	86	87	44	64	94	80	97	103	145	96	133	187	254	231	279	155	241	191	133	292	283	193	232	127	260	146	145	137	144	206	200	173	238	79	98	153	116	128	164	114	140	103	69	126
Parcel-/rækkehus	4040 Jyllinge	149	160	135	138	146	107	82	90	95	112	99	0	194	185	210	170	213	214	177	188	219	191	155	299	243	190	202	124	286	209	204	165	215	237	176	271	203	172	222	210	264	269	180	294	170	129	143	271
Parcel-/rækkehus	4050 Skibby	184	211	169	117	277	126	211	304	108	110	97	182	119	136	129	159	269	295	228	254	306	375	0	274	257	434	269	328	355	316	154	0	299	166	120	404	193	97	169	235	344	131	92	293	202	292	335	252
Parcel-/rækkehus	4060 Kirke Såby	168	125	115	139	86	138	101	96	95	76	0	161	122	95	121	0	217	171	181	0	0	0	154	162	0	238	256	0	178	157	367	0	0	195	0	210	293	187	203	133	133	132	0	208	0	0	0	0
Parcel-/rækkehus	4070 Kirke Hyllinge	155	135	217	152	156	76	164	117	117	120	115	115	170	149	166	192	188	235	129	0	157	324	355	262	262	413	236	233	194	133	206	201	277	234	324	188	289	207	213	174	223	211	173	136	260	131	176	111
Parcel-/rækkehus	4100 Ringsted	135	138	130	98	96	112	80	55	96	70	94	129	140	141	176	118	186	162	190	270	256	165	241	206	295	270	236	242	183	340	179	278	237	271	249	276	392	269	226	196	321	200	201	159	257	206	170	205
Parcel-/rækkehus	4130 Viby Sjælland	165	102	124	110	149	104	60	58	81	89	86	159	181	209	173	172	126	210	234	0	167	0	148	288	291	230	158	215	0	121	249	152	279	270	224	321	260	179	168	197	0	276	231	198	108	234	104	107
Parcel-/rækkehus	4140 Borup	129	207	118	56	87	182	110	81	102	130	62	84	120	105	116	110	137	287	243	308	131	276	221	122	153	134	125	225	70	140	112	169	274	135	74	102	130	63	0	137	185	230	101	82	139	156	145	146
Parcel-/rækkehus	4160 Herlufmagle	134	141	135	95	128	75	89	97	80	74	51	84	137	96	132	164	86	149	139	164	0	229	178	103	369	135	0	0	0	164	0	491	0	0	452	0	271	0	175	292	0	253	190	0	257	0	0	0
Parcel-/rækkehus	4171 Glumsø	162	166	0	147	103	54	99	119	44	57	68	80	75	161	120	75	170	126	55	0	161	223	0	168	177	358	0	232	0	0	0	0	0	0	293	271	0	277	0	159	0	0	0	0	0	0	0	0
Parcel-/rækkehus	4173 Fjenneslev	143	160	0	55	170	86	76	0	121	108	0	92	127	141	0	0	136	0	0	..	0	0	0	272	0	0	0	0	0	0	435	0	0	277	201	0	..	0	0	0	355	0	0	0	0	0	0	0
Parcel-/rækkehus	4174 Jystrup Midtsj	0	114	0	..	0	0	0	0	0	0	0	0	0	0	0	..	..	0	0	..	0	..	0	0	0	0	0	..	..	0	..	..	0	0	0	..	0	..	0	183	0	..	0	0	0	0	0	0
Parcel-/rækkehus	4180 Sorø	167	104	186	98	131	98	109	108	80	71	98	122	116	112	190	163	161	163	174	186	280	260	333	329	214	303	280	303	248	301	264	219	206	173	265	194	270	267	229	309	336	175	355	300	261	199	244	162
Parcel-/rækkehus	4190 Munke Bjergby	0	0	0	0	0	151	0	..	136	0	0	0	0	140	..	0	101	0	0	0	0	0	0	0	0	0	0	..	0	0	..	..	0	0	0	..	0	0	0	0	..	..	0	0	0	0	0	0
Parcel-/rækkehus	4200 Slagelse	127	107	102	119	120	122	95	137	116	107	87	95	129	132	102	117	152	140	148	179	222	206	209	267	303	252	193	193	228	242	158	236	260	225	246	211	252	288	206	257	235	263	283	171	255	193	174	212
Parcel-/rækkehus	4220 Korsør	197	242	185	177	139	128	109	118	91	95	93	79	106	126	107	96	122	130	117	251	193	212	158	188	159	164	225	247	337	320	209	156	433	281	236	219	302	219	214	236	285	298	340	270	261	189	217	220
Parcel-/rækkehus	4230 Skælskør	123	61	134	62	231	111	117	90	137	130	169	125	167	134	121	149	164	119	136	222	157	193	160	284	249	155	302	328	239	238	231	220	339	271	212	432	210	266	231	94	355	205	184	261	352	389	257	388
Parcel-/rækkehus	4241 Vemmelev	0	63	57	86	126	79	82	69	120	89	58	118	76	126	85	72	183	98	114	157	196	219	191	0	339	254	277	0	0	268	0	204	..	233	160	0	340	170	0	116	201	95	180	108	177	463	183	215
Parcel-/rækkehus	4242 Boeslunde	0	141	0	180	0	101	0	0	45	0	158	..	0	60	0	0	0	96	0	0	0	0	..	0	0	0	0	0	..	0	0	0	0	0	0	0	..	0	0	..	0	..	..	0	0	0	0	0
Parcel-/rækkehus	4243 Rude	0	0	0	0	0	0	0	0	0	0	0	0	0	0	89	0	..	104	0	..	..	0	..	0	0	0	0	0	0	0	..	0	0	0	0	0	0	..	0	0	0	0	0	0	0	0	..	0
Parcel-/rækkehus	4250 Fuglebjerg	121	50	122	97	83	150	98	96	83	115	79	83	125	99	165	123	173	81	88	0	0	251	0	191	0	232	221	256	182	88	0	199	264	0	142	0	276	0	223	0	0	0	418	300	0	0	0	0
Parcel-/rækkehus	4261 Dalmose	122	100	0	122	0	172	65	81	130	0	87	105	150	100	0	213	0	94	165	0	0	0	166	267	0	0	421	0	0	0	185	0	0	0	..	0	0	0	0	277	0	0	0	0	0	0	0	0
Parcel-/rækkehus	4262 Sandved	0	77	110	136	156	146	102	0	64	128	111	83	63	79	151	0	197	0	0	0	0	0	0	160	0	0	311	0	0	0	0	0	..	0	0	0	..	0	0	0	0	0	0	0	0	0	0	0
Parcel-/rækkehus	4270 Høng	175	125	159	104	105	142	90	110	72	144	119	157	133	210	149	135	153	165	173	147	213	141	197	261	219	215	209	167	421	259	227	0	297	152	208	453	0	345	305	321	0	182	153	277	183	191	128	119
Parcel-/rækkehus	4281 Gørlev	153	91	65	128	84	102	75	111	103	92	141	72	105	157	184	139	112	132	144	0	157	281	0	211	0	354	216	344	0	304	218	0	0	0	0	0	0	341	295	0	0	345	330	274	186	156	302	130
Parcel-/rækkehus	4291 Ruds Vedby	137	119	131	134	196	163	64	141	114	117	86	113	137	136	103	110	154	72	0	0	251	612	0	228	0	..	0	222	..	0	0	0	0	0	467	0	0	0	0	0	372	0	0	0	0	0	0	0
Parcel-/rækkehus	4293 Dianalund	173	95	109	115	130	71	106	102	105	136	93	142	167	151	164	169	152	230	100	259	238	188	245	280	241	170	211	248	264	192	68	0	302	251	399	253	238	424	243	214	318	182	119	173	444	315	174	238
Parcel-/rækkehus	4295 Stenlille	100	90	162	167	137	120	106	85	97	89	88	104	136	115	100	147	138	173	242	143	223	135	0	201	248	206	168	316	0	0	0	356	0	336	159	0	0	0	0	225	218	531	0	0	223	0	0	0
Parcel-/rækkehus	4296 Nyrup	0	0	0	0	0	0	0	0	122	0	0	0	..	..	0	0	0	0	0	..	0	0	..	0	0	..	0	..	..	0	..	..	..	0	..	0	0	..	..	..	..	0	0	0	0	0	0	..
Parcel-/rækkehus	4300 Holbæk	149	160	188	107	114	114	105	118	80	65	86	103	107	129	140	138	146	181	138	226	230	212	238	285	247	273	195	257	272	207	303	224	361	311	337	288	266	228	240	219	278	265	277	274	270	235	275	236
Parcel-/rækkehus	4320 Lejre	178	185	146	124	121	139	123	69	122	129	156	108	162	177	145	135	242	143	137	251	272	307	318	257	271	150	164	241	186	72	137	243	222	158	255	231	0	212	82	230	182	147	330	159	116	121	116	207
Parcel-/rækkehus	4330 Hvalsø	150	154	146	59	70	103	89	66	66	77	0	58	128	87	179	171	224	215	193	0	245	228	160	227	266	274	221	160	135	130	0	299	232	197	192	126	168	148	0	153	0	201	176	247	161	167	138	124
Parcel-/rækkehus	4340 Tølløse	230	177	134	151	129	100	135	69	94	62	90	106	139	104	149	127	123	172	169	216	0	187	215	222	222	263	165	170	270	210	152	194	265	210	216	0	206	213	487	248	0	220	294	229	310	202	156	126
Parcel-/rækkehus	4350 Ugerløse	0	296	0	156	0	97	0	0	0	34	125	115	78	0	138	0	170	0	0	0	0	0	0	0	0	0	0	0	0	0	0	0	..	0	0	0	0	0	0	0	0	..	0	0	0	0	0	0
Parcel-/rækkehus	4360 Kirke Eskilstrup	0	135	0	0	0	0	0	0	0	0	48	0	0	0	0	0	0	0	0	0	0	0	..	..	0	0	186	0	..	..	0	..	..	0	0	0	0	..	0	0	..	0	..	0	0	0	0	0
Parcel-/rækkehus	4370 Store Merløse	250	129	100	0	0	0	42	0	112	0	0	173	0	129	0	0	204	292	0	0	228	0	0	0	0	431	0	0	0	0	0	0	0	0	0	274	0	0	0	0	0	0	0	0	197	0	0	0
Parcel-/rækkehus	4390 Vipperød	100	159	196	111	81	113	83	114	132	96	68	61	78	96	171	0	217	150	0	0	230	0	193	0	201	272	175	0	221	0	317	0	264	257	0	396	0	252	0	0	291	185	204	0	449	0	0	0
Parcel-/rækkehus	4400 Kalundborg	146	147	134	148	118	137	98	119	104	88	96	85	108	105	111	102	148	121	176	168	209	238	242	239	242	345	227	288	249	333	246	327	242	311	340	376	263	296	405	345	269	335	331	309	286	220	285	249
Parcel-/rækkehus	4420 Regstrup	181	160	0	85	115	156	67	88	135	58	59	112	64	83	110	144	81	0	166	0	0	219	236	0	413	318	284	0	0	242	0	0	0	0	0	0	232	0	156	0	0	236	184	0	165	0	0	0
Parcel-/rækkehus	4440 Mørkøv	201	94	208	107	120	131	132	122	116	70	55	82	73	58	113	141	94	137	98	0	0	0	268	0	165	0	197	105	0	182	526	0	371	118	0	0	237	286	118	438	191	0	0	0	0	0	0	0
Parcel-/rækkehus	4450 Jyderup	131	164	154	107	192	124	109	73	75	79	68	76	83	107	100	93	113	210	168	94	0	206	235	146	173	406	229	156	199	192	136	203	237	314	244	233	184	194	0	257	336	179	232	362	234	158	230	295
Parcel-/rækkehus	4460 Snertinge	105	0	0	136	114	113	0	123	112	97	87	87	0	0	176	0	0	79	0	0	..	..	0	0	0	..	0	171	0	0	301	0	..	0	0	0	0	0	0	0	0	..	0	0	0	0	0	0
Ejerlejlighed	1000-1499 Kbh.K.	145	144	118	91	100	101	110	108	114	108	126	131	153	173	163	164	189	170	202	163	191	174	147	159	137	128	143	142	162	148	128	139	141	113	144	142	120	93	78	87	109	81	102	109	93	94	75	99
Ejerlejlighed	1500-1799 Kbh.V.	147	104	94	101	121	83	81	110	113	115	122	146	175	166	164	188	158	158	179	186	244	134	151	168	162	104	112	160	109	85	104	103	157	111	105	110	84	111	79	84	107	71	74	85	66	58	63	66
Ejerlejlighed	1800-1999 Frederiksberg C	125	119	101	110	87	81	74	107	93	118	105	146	172	152	159	167	141	160	148	193	168	170	156	137	157	116	111	137	119	97	101	122	132	109	106	97	100	62	61	74	91	57	60	99	75	54	59	68
Ejerlejlighed	2000 Frederiksberg	119	95	106	89	78	58	81	84	107	123	122	148	156	184	175	173	194	160	156	162	180	196	142	173	123	111	91	92	102	99	111	125	136	118	120	98	99	85	74	88	75	58	80	82	64	57	67	68
Ejerlejlighed	2100 København Ø	106	102	100	74	67	63	68	74	98	97	112	126	156	158	156	188	166	130	155	168	178	149	134	140	158	139	136	120	135	117	139	150	150	123	103	109	96	78	72	78	99	67	75	87	69	56	64	89
Ejerlejlighed	2150 Nordhavn	..	..	..	..	..	..	..	..	..	..	..	..	..	..	..	..	..	..	..	..	..	..	..	..	..	..	..	..	..	..	..	..	..	..	..	..	..	..	..	..	..	..	..	..	..	..	..	..
Ejerlejlighed	2200 København N	122	100	87	91	87	78	69	81	108	117	127	163	163	198	180	177	174	154	156	134	164	172	155	110	154	92	135	136	116	94	122	139	153	141	109	103	74	50	79	67	69	66	66	76	74	57	51	75
Ejerlejlighed	2300 København S	116	110	99	81	95	85	111	79	189	115	128	167	148	174	168	186	181	180	178	185	192	199	153	165	211	201	161	167	138	156	134	184	159	155	138	128	107	88	72	74	91	82	85	80	90	59	56	66
Ejerlejlighed	2400 København NV	112	103	85	109	91	59	73	82	101	83	131	153	153	165	183	188	196	185	159	150	177	178	168	151	151	135	113	128	139	155	126	169	168	130	106	150	87	97	81	90	102	98	85	76	81	48	59	69
Ejerlejlighed	2450 København SV	132	116	100	85	73	64	79	75	112	139	120	175	191	129	152	202	175	166	264	206	171	160	149	140	176	184	195	153	191	142	91	131	139	123	129	81	84	77	74	90	87	70	82	81	59	62	63	66
Ejerlejlighed	2500 Valby	95	101	83	107	83	71	65	77	107	120	119	140	174	153	200	167	184	169	151	150	157	134	121	134	162	114	115	124	124	124	124	132	176	136	123	128	129	88	80	93	105	63	106	83	84	67	72	78
Ejerlejlighed	2600 Glostrup	105	122	113	78	73	55	60	47	58	64	104	127	142	142	159	117	186	169	160	0	177	316	119	153	205	87	100	227	167	206	188	156	131	223	162	212	148	196	169	109	133	78	131	152	95	86	54	54
Ejerlejlighed	2605 Brøndby	45	0	0	90	112	0	91	0	51	65	0	105	0	0	0	0	0	0	0	0	..	0	0	0	0	0	0	..	0	..	0	0	0	267	0	..	0	147	0	0	0	0	0	0	0	0	0	..
Ejerlejlighed	2610 Rødovre	140	132	122	98	100	87	73	206	103	96	87	98	128	172	170	188	235	172	210	158	178	198	169	177	209	186	176	117	209	176	146	131	198	177	136	154	133	142	91	127	81	135	137	117	105	65	68	75
Ejerlejlighed	2620 Albertslund	115	77	89	58	143	88	0	63	54	49	85	100	77	147	105	167	171	119	130	0	135	0	0	0	0	230	174	126	0	128	0	0	326	100	0	53	168	88	143	122	0	0	204	130	166	79	78	56
Ejerlejlighed	2625 Vallensbæk	65	88	0	0	0	0	..	0	0	0	0	0	0	0	0	0	0	0	0	..	175	135	0	0	0	0	..	0	170	0	106	..	0	0	0	..	..	..	0	0	0	122	0	0	0	0	0	0
Ejerlejlighed	2630 Taastrup	137	125	148	121	136	138	111	74	82	67	107	106	115	146	167	176	167	198	179	225	158	198	158	156	169	185	138	120	147	134	135	160	154	173	138	153	100	92	91	120	141	88	101	116	90	105	82	55
Ejerlejlighed	2635 Ishøj	114	154	102	180	135	139	111	92	82	66	60	32	149	157	136	199	206	211	271	331	256	253	189	281	362	245	122	169	193	223	170	387	246	165	153	292	295	178	101	252	168	102	140	121	84	63	57	72
Ejerlejlighed	2640 Hedehusene	134	138	144	121	133	63	63	86	36	82	41	0	184	151	150	170	186	244	0	406	0	124	0	66	55	106	106	..	0	142	121	0	143	155	0	178	162	0	126	86	100	349	130	122	0	0	0	0
Ejerlejlighed	2650 Hvidovre	107	98	118	103	115	119	47	71	56	78	83	101	131	132	150	149	210	145	213	145	145	123	212	188	171	169	146	140	111	150	178	106	153	194	117	165	105	142	104	139	152	71	121	65	82	63	56	59
Ejerlejlighed	2660 Brøndby Strand	0	..	..	0	..	0	..	..	0	0	..	..	0	..	..	0	..	..	..	..	..	0	0	0	..	0	..	..	..	..	..	..	0	0	..	..	..	0	..	0	..	..	..	..	0	0	..	0
Ejerlejlighed	2665 Vallensbæk Strand	131	108	99	112	67	75	100	43	54	47	79	53	153	120	153	152	178	188	150	153	172	182	249	242	117	165	177	138	74	142	155	118	216	211	176	170	184	268	194	99	101	106	135	127	90	115	80	62
Ejerlejlighed	2670 Greve	106	145	78	94	123	75	23	48	47	90	82	84	133	167	164	112	158	215	140	174	0	228	130	240	282	297	86	123	153	124	55	155	145	120	97	67	326	120	164	62	115	184	123	14	54	86	54	47
Ejerlejlighed	2680 Solrød Strand	145	49	81	68	62	151	66	387	75	125	0	0	0	172	168	0	0	172	281	0	185	0	160	368	171	252	298	232	253	306	265	0	180	133	212	299	0	171	108	0	90	137	59	137	216	128	28	0
Ejerlejlighed	2690 Karlslunde	..	..	..	..	..	..	..	..	..	0	..	0	..	0	0	0	0	..	..	0	..	..	0	0	..	0	0	0	0	0	..	..	..	0	..	0	0	..	..	0	0	0	..	0	0	0	..	0
Ejerlejlighed	2700 Brønshøj	156	100	99	106	84	68	64	59	91	103	117	133	182	173	162	191	217	217	212	162	215	202	106	125	197	199	145	184	115	171	162	150	193	142	164	149	145	95	116	166	106	112	80	79	89	55	61	63
Ejerlejlighed	2720 Vanløse	115	96	89	89	75	54	77	71	80	77	99	126	136	156	165	145	169	186	189	200	201	157	160	144	163	159	127	128	168	116	121	102	141	90	120	102	117	68	78	76	95	68	95	74	82	49	63	89
Ejerlejlighed	2730 Herlev	118	156	117	0	96	108	110	95	69	103	78	120	160	178	96	190	138	248	310	217	0	144	109	110	204	115	156	208	209	171	237	0	0	216	135	0	237	134	264	146	107	148	178	163	77	97	62	92
Ejerlejlighed	2740 Skovlunde	..	..	..	..	..	..	..	0	0	0	0	0	0	0	0	0	..	0	..	..	0	..	..	..	..	0	0	..	..	0	0	..	..	0	..	..	..	..	..	0	..	0	0	..	0	0	0	..
Ejerlejlighed	2750 Ballerup	80	101	151	108	98	82	77	64	35	83	76	63	118	208	222	0	118	0	0	177	203	0	0	344	0	205	189	157	200	121	178	170	237	214	229	228	145	123	185	190	232	158	150	57	131	115	110	100
Ejerlejlighed	2760 Måløv	..	..	..	0	0	0	0	0	0	0	0	288	0	0	0	403	0	0	0	0	0	0	0	0	0	0	0	0	175	103	0	0	0	0	155	0	143	0	0	0	135	0	84	0	114	0	0	0
Ejerlejlighed	2765 Smørum	66	60	64	76	0	0	47	0	0	0	0	122	127	0	0	211	155	0	0	0	296	121	326	175	0	0	114	186	0	..	0	216	0	0	180	58	0	0	250	0	170	267	0	174	235	60	47	44
Ejerlejlighed	2770 Kastrup	86	147	102	94	86	79	43	58	85	83	107	141	104	136	172	145	94	136	139	138	157	148	226	191	186	129	123	116	128	112	80	92	137	136	119	109	105	72	80	136	104	102	66	96	100	53	78	55
Ejerlejlighed	2791 Dragør	0	255	0	72	89	58	0	..	0	0	0	0	..	0	0	0	0	0	0	0	0	..	..	110	0	0	174	471	0	66	0	0	0	0	0	142	230	67	0	0	59	135	0	0	74	0	0	0
Ejerlejlighed	2800 Kgs.Lyngby	79	110	98	84	99	92	74	78	84	78	109	101	169	134	174	199	197	185	172	157	226	194	203	172	186	207	127	163	169	117	144	224	164	165	155	137	173	113	131	97	137	93	141	87	86	70	69	93
Ejerlejlighed	2820 Gentofte	157	123	121	106	102	96	79	95	105	120	113	119	145	156	146	138	156	208	139	200	174	182	173	171	115	180	184	137	131	155	125	190	109	183	104	130	148	105	122	76	129	58	86	109	87	62	71	79
Ejerlejlighed	2830 Virum	115	75	93	71	68	79	52	73	82	49	75	98	158	100	134	214	156	199	160	148	240	164	67	211	97	226	148	123	206	163	156	121	226	145	131	165	164	108	116	124	86	195	57	89	116	76	66	66
Ejerlejlighed	2840 Holte	119	59	105	64	95	88	119	89	65	43	57	117	126	179	145	76	163	219	262	184	0	212	379	146	243	152	116	162	185	164	154	211	117	104	104	131	193	112	96	148	101	134	116	126	133	98	92	127
Ejerlejlighed	2850 Nærum	108	90	113	82	87	116	78	63	87	58	87	0	0	0	111	0	212	267	0	0	186	267	136	0	141	121	109	180	170	89	0	122	173	247	70	134	0	237	114	76	80	129	109	89	53	41	88	0
Ejerlejlighed	2860 Søborg	119	138	140	104	118	102	70	63	79	86	144	128	143	150	171	239	270	344	203	160	258	258	283	222	199	254	166	262	164	131	134	174	164	210	212	136	230	237	106	126	118	156	95	142	108	98	79	71
Ejerlejlighed	2870 Dyssegård	129	74	86	95	101	93	71	59	72	86	0	144	97	157	170	166	217	184	102	0	275	187	150	386	167	144	89	149	152	133	156	190	159	129	150	75	97	121	78	103	100	63	56	52	64	55	62	62
Ejerlejlighed	2880 Bagsværd	137	122	80	106	84	48	38	107	87	84	0	120	124	259	196	129	195	186	234	230	235	180	0	199	171	109	128	167	130	150	176	113	179	157	155	241	147	107	211	120	135	172	104	89	117	151	120	77
Ejerlejlighed	2900 Hellerup	143	138	123	100	180	130	69	95	94	120	131	140	134	179	225	213	270	242	258	266	246	205	216	219	204	214	143	173	208	110	124	136	162	154	111	125	107	123	139	107	85	81	122	84	100	73	122	81
Ejerlejlighed	2920 Charlottenlund	136	128	81	108	98	97	81	85	80	103	102	131	158	209	163	169	181	186	136	158	208	171	234	177	168	133	192	145	190	120	151	202	160	178	110	141	203	150	159	93	120	100	127	91	96	72	97	86
Ejerlejlighed	2930 Klampenborg	0	178	0	0	0	91	0	81	0	136	0	67	0	0	0	0	0	0	0	0	..	181	338	0	424	0	0	0	0	0	0	0	0	0	0	0	0	272	260	466	0	61	0	0	164	0	0	0
Ejerlejlighed	2942 Skodsborg	194	119	0	110	179	61	46	50	104	71	0	163	92	145	0	253	145	0	0	..	0	203	0	0	0	0	361	176	136	0	0	0	252	0	209	0	0	112	0	0	138	109	113	0	299	0	0	0
Ejerlejlighed	2950 Vedbæk	0	0	0	0	0	0	0	93	..	0	0	..	0	0	..	0	..	0	..	..	0	..	..	0	..	0	0	0	0	0	..	..	..	0	..	0	..	0	0	0	0	0	0	0	0	0	0	0
Ejerlejlighed	2960 Rungsted Kyst	0	0	0	0	74	0	0	0	0	0	0	0	0	0	0	0	..	..	0	..	0	0	138	0	0	0	..	0	0	0	0	0	0	219	0	0	0	0	45	0	0	0	18	..	0	0	0	0
Ejerlejlighed	2970 Hørsholm	125	69	116	93	45	100	105	62	96	91	104	148	149	163	162	127	133	175	170	0	278	270	202	151	156	145	311	184	182	166	242	175	115	120	214	214	173	95	137	102	168	63	90	188	144	103	81	70
Ejerlejlighed	2980 Kokkedal	90	121	92	127	184	108	159	74	49	60	101	65	146	97	0	199	158	157	0	201	296	326	172	121	161	142	0	175	262	175	197	135	220	0	0	202	0	199	166	117	0	55	113	115	0	0	0	0
Ejerlejlighed	2990 Nivå	0	90	0	0	102	69	69	0	60	0	107	..	0	0	69	0	0	142	0	0	0	..	0	0	..	0	0	0	..	0	..	..	0	0	0	0	0	0	0	..	0	0	0	0	67	0	0	0
Ejerlejlighed	3000 Helsingør	121	101	107	125	91	70	51	68	99	90	78	110	114	135	133	188	200	214	251	235	214	162	230	127	170	107	233	112	250	110	198	138	212	214	156	157	87	161	136	140	131	171	202	122	157	160	156	139
Ejerlejlighed	3050 Humlebæk	69	122	66	56	99	0	93	68	59	77	0	146	175	141	0	161	162	139	0	0	102	178	115	0	0	152	0	143	0	0	0	0	0	193	164	0	0	42	62	0	175	0	219	0	91	0	0	0
Ejerlejlighed	3060 Espergærde	112	132	118	66	27	63	105	31	53	57	88	98	83	104	83	143	68	111	117	148	173	108	86	128	130	86	111	153	118	96	0	0	137	48	163	191	125	0	90	165	85	112	120	131	119	171	106	80
Ejerlejlighed	3070 Snekkersten	260	0	0	0	0	50	74	0	0	0	0	0	0	0	0	0	0	0	..	0	0	0	0	0	0	0	..	0	..	0	..	0	..	0	0	0	0	0	..	0	0	0	91	0	135	0	0	0
Ejerlejlighed	3080 Tikøb	..	0	..	..	0	..	0	..	0	..	..	..	..	0	..	..	..	..	..	..	..	..	..	..	..	..	..	..	..	..	..	..	..	..	..	0	..	..	..	..	..	..	0	..	..	..	..	..
Ejerlejlighed	3100 Hornbæk	0	0	0	0	0	0	0	0	0	0	..	0	0	0	..	0	0	0	0	..	..	..	0	0	0	0	0	0	0	..	0	..	..	0	0	0	0	0	..	..	0	0	0	0	0	0	0	..
Ejerlejlighed	3120 Dronningmølle	..	..	..	0	..	..	0	0	..	..	..	..	..	..	..	..	..	..	..	..	..	..	..	..	..	..	..	..	..	..	0	..	..	..	..	..	..	0	0	..	0	..	0	..	..	..	..	..
Ejerlejlighed	3140 Ålsgårde	0	0	0	0	0	0	0	0	0	0	..	0	0	..	..	..	..	0	..	..	..	..	0	0	0	0	0	0	..	..	..	..	0	..	..	0	..	0	..	..	..	..	0	..	..	0	0	..
Ejerlejlighed	3150 Hellebæk	0	..	0	0	..	..	0	..	..	..	..	..	..	..	..	0	..	..	..	..	..	..	0	..	..	..	..	0	0	..	..	0	..	0	..	..	..	0	0	0	0	..	..	..	0	..	0	..
Ejerlejlighed	3200 Helsinge	118	42	115	0	62	67	51	48	0	0	46	0	0	0	204	0	156	0	234	186	0	246	0	..	0	0	0	0	0	0	0	0	0	0	0	99	0	0	0	114	0	0	91	0	0	0	0	0
Ejerlejlighed	3210 Vejby	0	0	..	..	0	0	0	0	0	..	..	0	0	0	0	0	0	0	0	0	..	..	..	..	0	0	..	0	..	0	0	..	..	..	..	..	0	0	..	..	0	0	..	0	0	..	0	0
Ejerlejlighed	3220 Tisvildeleje	0	0	..	..	124	177	0	0	0	0	0	0	..	..	0	..	0	0	..	0	..	0	..	..	0	..	0	0	0	..	0	0	..	0	..	..	..	..	0	..	0	..	0	..	0	0	0	0
Ejerlejlighed	3230 Græsted	0	0	0	0	..	0	..	0	0	0	0	0	0	..	..	0	0	0	0	..	0	0	0	..	..	0	0	0	0	0	..	..	..	0	..	..	0	..	..	0	..	0	0	..	..	0	0	0
Ejerlejlighed	3250 Gilleleje	181	0	0	0	0	0	0	..	0	..	0	0	..	0	0	0	0	..	0	0	0	..	..	..	0	0	..	0	..	0	..	0	0	0	0	0	0	0	0	0	..	..	0	0	188	0	0	..
Ejerlejlighed	3300 Frederiksværk	0	0	0	45	164	120	0	162	110	188	138	175	179	107	72	184	0	311	0	0	147	0	207	0	0	0	235	0	0	0	..	0	0	0	0	0	0	0	166	0	0	0	0	0	0	0	0	0
Ejerlejlighed	3310 Ølsted	..	..	..	..	..	..	..	..	..	..	..	..	..	..	..	..	..	..	..	..	..	..	..	..	..	..	..	..	..	..	..	..	..	..	..	..	..	..	..	..	..	..	..	..	..	..	..	..
Ejerlejlighed	3320 Skævinge	..	..	..	..	0	0	194	..	0	..	0	0	0	0	..	..	..	0	..	..	..	..	..	..	..	..	..	..	..	0	..	..	0	..	0	..	..	..	0	..	..	..	0	..	..	..	..	..
Ejerlejlighed	3330 Gørløse	0	..	..	..	..	..	..	..	0	..	..	..	..	..	..	..	..	..	..	..	..	..	..	..	..	..	..	..	..	..	..	..	..	..	..	..	..	..	..	..	..	..	..	..	..	..	..	..
Ejerlejlighed	3360 Liseleje	..	0	0	0	..	0	..	0	..	..	0	0	0	0	0	..	0	0	..	..	..	0	..	..	..	..	..	..	0	..	..	0	0	..	..	0	0	..	..	..	..	..	0	..	..	0	..	0
Ejerlejlighed	3370 Melby	..	..	..	..	0	0	..	..	..	..	..	..	..	..	..	..	..	..	..	..	..	..	..	..	..	..	..	..	..	..	..	..	..	..	..	..	..	..	..	..	..	..	..	..	0	..	0	..
Ejerlejlighed	3390 Hundested	0	0	..	..	0	..	..	..	0	0	0	..	0	..	0	..	0	0	0	0	..	0	0	0	0	0	0	0	0	..	0	0	..	0	0	..	..	..	0	0	..	..	0	0	0	0	0	0
Ejerlejlighed	3400 Hillerød	94	114	88	85	92	81	88	82	72	82	79	92	125	103	169	114	173	198	132	131	148	193	137	223	198	162	154	118	236	136	156	113	167	122	170	132	176	141	152	112	105	136	100	99	144	99	114	92
Ejerlejlighed	3450 Allerød	160	72	110	0	0	0	0	149	239	0	0	..	0	138	0	264	551	330	0	0	..	0	224	0	371	142	0	128	153	0	0	0	0	248	0	186	462	0	146	0	90	0	101	186	0	0	0	0
Ejerlejlighed	3460 Birkerød	109	161	68	93	62	81	90	56	75	60	88	113	123	132	126	231	146	186	193	183	187	189	197	231	234	124	107	233	132	178	118	222	197	193	127	119	127	120	186	139	133	111	143	131	158	103	97	102
Ejerlejlighed	3480 Fredensborg	62	168	141	87	124	115	172	0	54	110	61	102	67	120	168	171	169	219	0	..	0	157	0	0	0	314	394	0	0	0	0	170	0	0	0	385	0	0	215	0	279	0	163	195	245	165	133	0
Ejerlejlighed	3490 Kvistgård	..	..	0	..	..	0	0	..	..	..	..	..	0	..	..	..	..	..	..	0	..	0	..	0	..	..	..	0	..	..	..	0	..	..	0	..	..	..	..	..	..	..	..	..	0	..	0	..
Ejerlejlighed	3500 Værløse	118	97	61	52	26	194	132	38	108	98	69	47	105	0	115	124	231	241	187	0	216	237	109	179	179	206	150	415	281	0	263	0	302	166	168	76	0	137	258	0	174	94	101	92	30	134	82	60
Ejerlejlighed	3520 Farum	124	124	165	130	50	139	64	97	0	91	228	194	169	183	119	221	205	235	201	210	164	230	240	269	253	334	171	183	138	128	193	0	219	233	172	247	213	210	179	340	129	128	110	249	70	98	59	145
Ejerlejlighed	3540 Lynge	0	0	0	..	0	..	..	0	0	0	0	0	0	0	0	0	..	0	0	0	0	0	..	..	..	..	0	..	..	..	..	..	..	..	..	..	..	0	..	..	..	..	..	..	..	0	..	0
Ejerlejlighed	3550 Slangerup	..	0	..	0	..	0	0	0	0	0	0	0	0	0	0	..	0	..	..	0	..	..	0	..	0	..	0	..	0	0	..	0	0	..	..	..	..	0	..	0	..	..	..	0	..	..	0	0
Ejerlejlighed	3600 Frederikssund	220	133	178	86	109	75	104	80	52	57	69	0	97	108	139	0	267	178	0	176	235	209	0	0	253	125	0	208	206	0	285	0	144	0	142	133	0	64	183	106	89	0	237	71	144	74	89	179
Ejerlejlighed	3630 Jægerspris	0	0	0	0	0	0	0	0	0	..	0	..	..	..	..	0	..	..	..	..	0	..	..	..	0	..	..	..	..	..	0	..	..	..	..	..	..	..	..	..	..	..	..	..	0	0	0	..
Ejerlejlighed	3650 Ølstykke	0	289	0	..	..	125	178	339	307	0	125	0	0	104	157	0	0	161	0	0	0	0	0	0	0	74	0	188	0	255	0	..	0	0	0	0	0	0	0	0	0	0	0	0	0	0	0	0
Ejerlejlighed	3660 Stenløse	0	0	146	0	..	0	0	0	0	0	0	..	0	149	0	0	..	126	0	0	0	0	0	0	0	0	0	0	0	0	0	..	..	0	0	0	0	97	0	0	0	0	0	0	..	0	0	0
Ejerlejlighed	3670 Veksø Sjælland	..	..	..	..	..	..	..	..	..	..	..	..	..	..	..	..	..	..	..	..	..	..	..	..	..	..	..	..	..	..	..	..	..	..	..	..	..	..	..	..	0	..	..	..	..	..	..	..
Ejerlejlighed	3700 Rønne	0	0	0	0	0	0	0	0	0	0	0	0	0	..	0	0	0	0	0	0	0	0	0	0	0	0	0	0	..	0	0	0	..	0	0	..	0	0	0	..	0	0	0	0	0	0	0	0
Ejerlejlighed	3720 Aakirkeby	..	..	..	..	0	0	0	..	..	0	..	..	..	..	..	..	0	..	..	..	..	..	..	..	..	..	..	..	0	..	39	0	0	..	..	..	0	..	..	..	..	0	0	..	..	..	..	..
Ejerlejlighed	3730 Nexø	0	0	0	0	0	158	143	0	0	0	0	..	0	0	0	0	..	0	0	0	..	0	0	0	0	124	0	0	..	0	0	0	..	0	0	..	..	0	0	0	..	0	0	0	..	0	0	..
Ejerlejlighed	3740 Svaneke	..	..	..	0	..	..	..	..	..	..	0	..	..	..	..	..	0	0	0	..	..	..	..	0	..	..	..	..	0	..	0	..	..	..	..	..	..	..	0	..	..	..	0	..	0	0	..	..
Ejerlejlighed	3751 Østermarie	..	..	..	..	..	..	..	..	..	..	..	..	..	..	..	..	..	..	..	..	..	..	..	..	..	..	..	..	..	..	..	..	..	..	..	..	..	..	..	..	..	..	..	..	..	..	..	..
Ejerlejlighed	3760 Gudhjem	..	..	..	..	..	0	0	0	0	0	0	0	0	0	0	0	0	0	0	..	..	0	..	..	0	0	0	..	..	0	0	0	0	0	0	0	0	0	0	0	0	614	0	0	0	0	0	0
Ejerlejlighed	3770 Allinge	0	0	0	0	0	68	0	..	0	172	0	0	..	0	0	0	0	62	0	0	..	0	0	0	0	364	270	0	526	0	0	0	0	0	0	0	0	0	0	429	..	287	0	878	0	0	0	0
Ejerlejlighed	3782 Klemensker	..	..	..	..	..	..	..	..	..	..	..	..	..	..	..	..	..	..	..	..	..	..	..	..	..	..	..	..	..	..	..	..	..	..	..	..	..	..	..	..	..	..	..	..	..	..	..	..
Ejerlejlighed	3790 Hasle	..	..	..	..	..	0	0	0	..	0	..	0	0	0	0	0	0	..	..	0	0	..	0	..	0	0	0	..	..	0	0	0	0	0	0	0	..	0	0	..	0	0	0	..	0	0	0	..
Ejerlejlighed	4000 Roskilde	109	67	78	76	91	74	79	69	47	76	69	108	137	116	136	135	170	182	203	152	260	207	200	167	150	179	186	161	140	176	139	149	120	128	150	136	98	138	140	106	110	109	107	83	136	52	67	81
Ejerlejlighed	4030 Tune	..	..	..	..	..	..	..	..	0	..	..	0	..	..	..	..	..	..	..	..	..	..	..	..	..	..	..	..	..	..	..	..	..	..	..	..	..	0	..	..	..	..	..	..	..	..	..	..
Ejerlejlighed	4040 Jyllinge	..	..	..	..	..	..	..	..	..	0	..	..	..	..	..	..	..	..	..	..	..	..	..	..	..	..	0	..	..	0	..	0	..	..	..	0	..	..	..	..	..	..	..	..	..	..	..	..
Ejerlejlighed	4050 Skibby	0	0	..	0	0	..	0	0	0	0	..	..	0	0	0	0	0	0	0	..	..	..	..	0	..	0	0	..	..	..	0	..	..	..	0	0	..	..	0	0	0	0	..	0	0	0	..	..
Ejerlejlighed	4060 Kirke Såby	..	..	..	..	..	..	..	..	..	..	..	..	..	..	0	..	0	..	..	..	..	..	..	..	..	..	..	..	..	..	..	..	..	..	..	..	0	..	..	..	..	..	..	..	..	..	..	..
Ejerlejlighed	4070 Kirke Hyllinge	..	..	..	..	..	..	..	..	..	..	..	..	..	..	..	..	..	..	..	..	..	..	..	..	..	..	0	..	..	..	..	..	..	..	..	..	..	..	..	..	..	..	..	..	..	..	..	..
Ejerlejlighed	4100 Ringsted	80	69	63	51	68	63	104	74	31	48	49	65	108	51	107	101	156	193	124	252	378	286	0	302	222	143	286	200	146	208	308	294	322	385	0	301	136	127	133	119	228	82	147	55	151	92	124	73
Ejerlejlighed	4130 Viby Sjælland	..	0	0	0	0	0	0	..	..	0	..	0	0	0	0	0	..	0	..	0	0	..	..	..	..	..	0	..	0	0	..	0	..	0	..	..	..	0	0	..	0	0	..	..	0	..	..	0
Ejerlejlighed	4140 Borup	0	..	..	0	0	0	0	0	0	0	..	0	..	..	0	0	0	0	0	0	..	..	0	0	0	0	..	..	0	..	..	..	..	..	0	0	..	..	..	..	..	..	..	..	..	..	..	0
Ejerlejlighed	4160 Herlufmagle	..	..	0	..	..	..	..	..	..	..	0	..	..	..	..	0	..	..	..	..	..	..	..	..	..	..	..	..	..	..	..	..	..	..	..	..	..	..	..	..	..	..	..	..	..	..	..	..
Ejerlejlighed	4171 Glumsø	..	0	..	..	0	..	138	0	0	0	..	..	0	..	..	0	..	0	..	0	..	..	..	0	..	0	0	..	..	..	..	0	..	..	0	..	0	0	..	..	..	..	..	0	0	..	..	..
Ejerlejlighed	4173 Fjenneslev	..	..	..	..	..	..	..	..	..	..	..	..	..	..	..	..	..	..	..	..	..	..	..	..	..	..	..	..	..	..	..	..	..	..	..	..	..	..	..	..	..	..	..	..	..	..	..	..
Ejerlejlighed	4174 Jystrup Midtsj	..	..	..	..	..	..	..	..	..	..	..	..	..	..	..	..	..	..	..	..	..	..	..	..	..	..	..	..	..	..	..	..	..	..	..	..	..	..	..	..	..	..	..	..	..	..	..	..
Ejerlejlighed	4180 Sorø	0	127	0	0	177	0	48	63	0	0	0	0	139	0	0	0	346	0	0	0	0	0	0	0	458	254	0	0	0	0	0	168	491	0	0	0	0	98	0	0	0	0	0	150	327	0	0	0
Ejerlejlighed	4190 Munke Bjergby	..	..	..	..	..	..	..	..	..	..	..	..	..	..	..	..	..	..	..	..	..	..	..	..	..	..	..	..	..	..	..	..	..	..	..	..	..	..	..	..	..	..	..	..	..	..	..	..
Ejerlejlighed	4200 Slagelse	226	125	260	157	128	101	76	77	83	123	91	70	136	120	145	149	138	192	210	181	146	295	239	188	256	179	112	282	363	147	207	139	262	0	216	0	173	451	101	189	393	317	431	235	158	170	147	262
Ejerlejlighed	4220 Korsør	76	146	130	162	65	49	164	94	104	87	65	135	171	115	176	67	81	166	141	228	273	0	194	191	196	270	253	142	243	0	219	155	162	513	139	510	510	277	82	277	0	0	332	0	191	0	0	0
Ejerlejlighed	4230 Skælskør	..	0	..	0	0	0	0	..	0	0	0	..	0	0	0	0	0	0	0	0	..	0	0	0	0	0	0	..	0	0	..	0	0	..	..	..	0	..	0	0	0	0	0	0	0	0	0	0
Ejerlejlighed	4241 Vemmelev	..	..	..	..	..	..	0	..	..	..	..	..	..	..	..	..	..	..	..	..	..	..	0	..	..	..	..	..	..	..	..	..	..	..	..	..	..	..	..	..	..	..	..	..	..	..	..	..
Ejerlejlighed	4242 Boeslunde	..	..	..	0	..	0	..	..	..	..	..	0	..	..	..	..	..	..	..	..	..	..	..	..	..	..	..	..	0	..	..	..	0	..	..	..	..	..	..	..	..	..	..	..	..	..	..	..
Ejerlejlighed	4243 Rude	..	..	..	..	..	..	..	..	..	..	..	..	..	..	..	..	..	..	..	..	..	..	..	..	..	..	..	..	..	..	..	..	..	..	..	..	..	..	..	..	..	..	..	..	..	..	..	..
Ejerlejlighed	4250 Fuglebjerg	..	..	..	..	..	..	..	..	..	..	..	..	0	..	..	..	..	..	0	..	..	..	..	..	..	..	..	..	..	..	..	..	..	..	..	..	..	..	..	..	..	..	..	..	..	..	..	..
Ejerlejlighed	4261 Dalmose	..	..	..	..	..	..	..	..	..	0	..	..	..	..	..	..	..	..	..	..	..	..	..	0	..	..	..	..	..	..	..	..	..	..	..	..	..	..	..	..	..	..	..	..	..	..	..	..
Ejerlejlighed	4262 Sandved	..	..	..	..	..	..	..	..	..	..	..	..	..	..	..	..	..	..	..	..	..	..	..	..	..	..	..	..	..	..	..	..	..	..	..	..	..	..	..	..	..	..	..	..	..	..	..	..
Ejerlejlighed	4270 Høng	..	0	0	..	..	..	0	0	0	0	0	..	..	..	..	0	..	..	..	..	0	..	..	..	..	..	..	..	..	..	..	..	..	..	..	..	..	..	..	..	..	..	..	..	..	0	..	0
Ejerlejlighed	4281 Gørlev	0	..	..	..	..	..	..	0	0	..	..	..	0	..	0	..	..	0	0	..	..	..	0	..	..	..	..	0	..	..	..	0	..	..	..	..	..	..	..	..	..	..	..	0	..	..	0	..
Ejerlejlighed	4291 Ruds Vedby	..	..	..	..	..	..	..	..	..	..	0	..	..	..	..	..	..	..	..	..	..	..	..	..	..	..	..	..	..	..	..	..	..	..	..	..	..	..	..	..	..	..	..	..	..	..	..	..
Ejerlejlighed	4293 Dianalund	0	0	0	..	0	0	0	0	..	0	..	..	..	0	0	..	..	..	..	..	..	..	..	..	..	..	..	..	..	..	..	..	..	..	..	..	..	..	..	..	..	..	..	..	..	..	..	..
Ejerlejlighed	4295 Stenlille	0	..	..	..	0	..	..	..	..	..	..	..	..	..	..	..	..	..	..	..	..	..	..	..	..	..	..	0	..	..	..	..	..	..	..	..	..	..	..	..	..	..	..	..	..	..	..	..
Ejerlejlighed	4296 Nyrup	..	..	..	..	..	..	..	..	..	..	..	..	..	..	..	..	..	..	..	..	..	..	..	..	..	..	..	..	..	..	..	..	..	..	..	..	..	..	..	..	..	..	..	..	..	..	..	..
Ejerlejlighed	4300 Holbæk	133	0	145	122	115	87	150	87	94	35	126	44	94	165	185	130	261	175	168	195	0	214	0	393	0	370	191	266	0	161	170	112	273	210	243	329	278	0	210	219	245	329	163	241	361	175	100	192
Ejerlejlighed	4320 Lejre	..	..	0	0	0	..	..	..	..	0	0	..	..	..	..	..	..	..	..	..	..	..	..	0	..	..	..	..	..	0	..	..	..	0	..	..	0	0	0	..	..	0	0	..	..	..	..	..
Ejerlejlighed	4330 Hvalsø	..	..	0	0	0	0	..	0	..	..	..	..	0	..	0	..	0	..	0	..	..	..	..	0	0	..	..	0	..	..	..	0	0	0	..	0	..	..	0	..	..	..	0	0	..	0	..	0
Ejerlejlighed	4340 Tølløse	0	..	..	..	0	..	..	..	0	..	0	0	..	..	0	..	..	..	..	0	0	0	..	0	..	0	..	..	..	..	0	..	0	0	..	..	..	..	..	..	..	0	..	0	0	..	..	..
Ejerlejlighed	4350 Ugerløse	..	..	..	..	..	..	..	..	..	..	..	..	..	..	..	..	..	..	..	..	..	..	..	..	..	..	..	..	..	..	..	..	..	..	..	..	..	..	..	..	..	..	..	..	..	..	..	..
Ejerlejlighed	4360 Kirke Eskilstrup	..	..	..	..	..	..	..	..	..	..	..	..	..	..	..	..	..	..	..	..	..	..	..	..	..	..	..	..	..	..	..	..	..	..	..	..	..	..	..	..	..	..	..	..	..	..	..	..
Ejerlejlighed	4370 Store Merløse	..	..	..	..	..	..	..	..	..	..	..	..	..	..	..	0	..	..	..	..	0	..	..	..	..	..	..	..	..	..	..	..	..	..	..	..	..	..	..	..	..	..	..	..	..	..	..	..
Ejerlejlighed	4390 Vipperød	..	..	..	..	0	..	..	0	..	0	0	..	..	0	0	..	..	0	0	0	..	..	..	..	..	..	0	..	..	..	..	..	..	..	..	..	..	..	0	..	..	..	..	..	..	..	..	0
Ejerlejlighed	4400 Kalundborg	87	103	104	0	41	46	74	0	166	150	221	77	109	0	0	278	106	0	133	0	0	123	0	0	0	0	360	0	0	0	0	0	0	0	0	0	0	0	0	0	0	292	0	0	0	0	0	0
Ejerlejlighed	4420 Regstrup	..	..	..	..	..	..	..	..	..	..	..	..	..	..	..	..	..	..	..	..	..	..	..	..	..	..	..	..	..	..	..	..	..	..	..	..	..	..	..	..	..	..	..	..	..	..	..	..
Ejerlejlighed	4440 Mørkøv	..	..	..	..	..	..	..	..	..	..	..	..	0	..	..	..	0	..	..	..	..	..	..	..	..	..	..	..	..	..	..	..	..	..	..	..	0	0	..	..	..	..	..	..	..	..	..	..
Ejerlejlighed	4450 Jyderup	0	..	..	0	0	..	0	..	..	0	0	0	0	..	..	0	..	..	..	..	..	..	..	0	..	0	..	0	..	..	..	..	0	..	0	..	..	..	..	..	..	..	0	..	0	..	0	..
Ejerlejlighed	4460 Snertinge	..	..	..	..	..	..	..	..	..	..	..	..	..	..	..	..	..	..	..	..	..	..	..	..	..	..	..	..	..	..	..	..	..	..	..	..	..	..	..	..	..	..	..	..	..	..	..	..
Fritidshus	1000-1499 Kbh.K.	..	..	..	..	..	..	..	..	..	..	..	..	..	..	..	..	..	..	..	..	..	..	..	..	..	..	..	..	..	..	..	..	..	..	..	..	..	..	..	..	..	..	..	..	..	..	..	..
Fritidshus	1500-1799 Kbh.V.	..	..	..	..	..	..	..	..	..	..	..	..	..	..	..	..	..	..	..	..	..	..	..	..	..	..	..	..	..	..	..	..	..	..	..	..	..	..	..	..	..	..	..	..	..	..	..	..
Fritidshus	1800-1999 Frederiksberg C	..	..	..	..	..	..	..	..	..	..	..	..	..	..	..	..	..	..	..	..	..	..	..	..	..	..	..	..	..	..	..	..	..	..	..	..	..	..	..	..	..	..	..	..	..	..	..	..
Fritidshus	2000 Frederiksberg	..	..	..	..	..	..	..	..	..	..	..	..	..	..	..	..	..	..	..	..	..	..	..	..	..	..	..	..	..	..	..	..	..	..	..	..	..	..	..	..	..	..	..	..	..	..	..	..
Fritidshus	2100 København Ø	..	..	..	..	..	..	..	..	..	..	..	..	..	..	..	..	..	..	..	..	..	..	..	..	..	..	..	..	..	..	..	..	..	..	..	..	..	..	..	..	..	..	..	..	..	..	..	..
Fritidshus	2150 Nordhavn	..	..	..	..	..	..	..	..	..	..	..	..	..	..	..	..	..	..	..	..	..	..	..	..	..	..	..	..	..	..	..	..	..	..	..	..	..	..	..	..	..	..	..	..	..	..	..	..
Fritidshus	2200 København N	..	..	..	..	..	..	..	..	..	..	..	..	..	..	..	..	..	..	..	..	..	..	..	..	..	..	..	..	..	..	..	..	..	..	..	..	..	..	..	..	..	..	..	..	..	..	..	..
Fritidshus	2300 København S	..	..	..	..	..	..	..	..	..	..	..	..	..	..	..	..	0	..	..	..	..	..	..	..	0	..	0	..	..	..	..	..	..	..	..	..	..	..	..	..	..	..	..	..	..	..	..	..
Fritidshus	2400 København NV	..	..	..	..	..	..	..	..	..	..	..	..	..	..	..	..	..	..	..	..	..	..	..	..	..	..	..	..	..	..	..	..	..	..	..	..	..	..	..	..	..	..	..	..	..	..	..	..
Fritidshus	2450 København SV	..	..	..	..	..	..	..	..	..	..	..	..	..	..	..	..	..	..	..	..	..	..	..	..	..	..	..	..	..	..	..	..	..	..	..	..	..	..	..	..	..	..	..	..	..	..	..	..
Fritidshus	2500 Valby	..	..	..	..	..	..	..	..	..	..	..	..	..	..	..	..	..	..	..	..	..	..	..	..	..	..	..	..	..	..	..	..	..	..	..	..	..	..	..	..	..	..	..	..	..	..	..	..
Fritidshus	2600 Glostrup	..	..	..	..	..	..	..	..	..	..	..	..	..	..	..	..	..	..	..	..	..	..	..	..	..	..	..	..	..	..	..	..	..	..	..	..	..	..	..	..	..	..	..	..	..	..	..	..
Fritidshus	2605 Brøndby	..	..	..	..	..	..	..	..	..	..	..	..	..	..	..	0	..	..	..	..	..	..	..	..	..	..	..	..	..	..	..	..	..	..	..	..	..	..	..	..	..	..	..	..	..	..	..	..
Fritidshus	2610 Rødovre	..	..	..	..	..	..	..	..	..	..	..	..	..	..	..	..	..	..	..	..	..	..	0	..	..	..	..	..	..	..	..	..	..	..	..	..	..	..	..	..	..	..	..	..	..	..	..	..
Fritidshus	2620 Albertslund	..	..	..	..	..	..	..	..	..	..	..	..	..	..	..	..	..	..	..	..	..	..	..	..	..	..	..	..	..	..	..	..	..	..	..	..	..	..	..	..	..	..	..	..	..	..	..	..
Fritidshus	2625 Vallensbæk	..	..	..	..	..	..	..	..	..	..	..	..	..	..	..	..	..	..	..	..	..	..	..	..	..	..	..	..	..	..	..	..	..	..	..	..	..	..	..	..	..	..	..	..	..	..	..	..
Fritidshus	2630 Taastrup	0	..	0	0	..	0	0	0	0	0	..	..	..	..	..	..	..	..	..	..	0	..	..	..	0	..	0	..	..	0	0	..	..	..	0	..	..	..	..	..	..	0	0	..	..	0	0	..
Fritidshus	2635 Ishøj	..	..	..	..	..	..	..	..	..	..	..	..	..	..	..	..	..	..	..	..	..	..	..	..	..	..	..	..	..	..	..	..	..	..	0	..	..	..	..	..	..	..	0	..	..	..	..	..
Fritidshus	2640 Hedehusene	..	..	..	..	..	..	..	..	..	..	..	..	..	..	..	..	..	..	..	..	..	..	..	..	..	..	..	..	..	..	..	..	..	..	..	..	..	..	..	..	..	..	..	..	..	..	..	..
Fritidshus	2650 Hvidovre	..	..	..	..	0	0	0	..	..	0	..	0	..	..	0	..	..	0	0	..	0	..	0	..	..	..	0	..	..	0	0	..	..	0	..	..	0	0	0	0	..	0	0	..	0	0	0	0
Fritidshus	2660 Brøndby Strand	..	..	..	..	..	..	..	..	..	..	..	..	..	..	..	..	..	..	..	..	..	..	..	0	..	..	..	..	..	..	..	..	..	..	..	..	..	..	..	..	..	..	..	..	..	..	..	..
Fritidshus	2665 Vallensbæk Strand	..	..	..	..	..	..	..	..	..	..	..	..	..	..	0	..	..	..	..	..	0	0	0	..	..	..	..	..	..	..	..	0	..	..	..	..	..	..	0	..	0	..	0	..	..	0	..	..
Fritidshus	2670 Greve	..	..	0	0	..	..	..	..	0	..	..	..	0	..	..	0	..	..	0	..	..	0	0	0	0	..	0	0	0	..	..	..	0	0	..	..	..	0	..	..	..	0	..	..	0	..	..	..
Fritidshus	2680 Solrød Strand	..	0	..	..	..	..	0	..	..	..	..	..	..	0	0	0	..	0	0	0	..	0	0	0	..	0	0	..	0	0	..	0	..	..	0	..	0	0	..	0	..	..	..	..	0	0	..	..
Fritidshus	2690 Karlslunde	..	..	..	..	..	..	0	..	..	..	..	0	..	..	..	..	..	..	..	..	..	..	0	..	0	..	..	0	0	0	..	..	..	0	..	0	..	0	..	..	..	0	0	..	..	..	..	..
Fritidshus	2700 Brønshøj	..	..	..	..	..	..	..	..	..	..	..	..	..	..	..	..	..	..	..	..	..	..	..	..	..	..	..	..	..	..	..	..	..	..	..	..	..	..	..	..	..	..	..	..	..	..	..	..
Fritidshus	2720 Vanløse	..	..	..	..	..	..	..	..	..	..	..	..	..	..	..	..	..	..	..	..	..	..	..	..	..	..	..	..	..	..	..	..	..	..	..	..	..	..	..	..	..	..	..	..	..	..	..	..
Fritidshus	2730 Herlev	..	..	..	..	..	..	..	..	..	..	..	..	..	..	..	..	0	..	..	..	..	..	..	..	..	..	..	..	..	..	..	..	..	..	..	0	..	0	..	..	..	..	..	0	..	..	..	..
Fritidshus	2740 Skovlunde	..	..	..	..	..	..	..	..	..	..	..	..	..	..	..	..	..	..	..	..	..	..	..	..	..	..	..	..	..	..	..	..	..	..	..	..	..	..	..	..	..	..	..	..	..	..	..	..
Fritidshus	2750 Ballerup	..	..	..	..	0	..	..	..	..	..	0	..	..	0	..	0	..	..	..	..	..	..	..	..	..	0	0	..	..	..	..	..	..	..	..	..	0	0	..	..	..	..	..	..	0	0	..	..
Fritidshus	2760 Måløv	..	..	..	..	..	..	..	..	..	..	..	..	..	..	..	..	..	..	..	..	..	..	..	..	..	..	..	..	..	..	..	..	..	..	..	..	..	..	..	..	..	..	..	..	..	..	..	..
Fritidshus	2765 Smørum	..	..	..	..	..	..	..	..	..	..	..	..	..	..	..	..	..	..	..	..	..	..	..	..	..	..	..	..	..	..	..	..	..	..	..	..	..	..	0	..	..	..	..	..	..	..	..	..
Fritidshus	2770 Kastrup	..	..	..	..	..	..	..	..	..	..	..	..	..	0	..	..	..	..	0	..	..	..	0	..	..	..	..	..	..	..	0	..	..	..	0	..	0	..	..	..	..	..	..	..	..	..	..	..
Fritidshus	2791 Dragør	..	..	..	0	..	0	0	0	0	..	..	0	..	..	0	0	0	..	0	0	..	0	..	..	0	0	0	..	0	..	0	0	0	0	..	0	..	0	0	0	0	..	..	..	..	0	..	0
Fritidshus	2800 Kgs.Lyngby	..	..	..	..	..	..	..	..	..	..	..	..	..	..	..	..	..	..	..	..	..	..	..	..	..	..	..	..	..	..	0	..	..	..	..	..	..	..	..	..	..	..	..	..	..	..	0	..
Fritidshus	2820 Gentofte	..	..	..	..	..	..	..	..	..	..	..	..	..	..	..	..	..	..	..	..	..	..	..	..	..	..	..	..	..	..	..	..	..	..	..	..	..	..	..	..	..	..	..	..	..	..	..	..
Fritidshus	2830 Virum	..	..	..	..	..	..	..	..	..	..	..	..	..	..	..	..	..	..	..	..	..	..	..	..	..	..	..	..	..	..	..	..	..	..	..	..	..	..	..	..	..	..	..	..	..	..	..	..
Fritidshus	2840 Holte	..	..	..	..	..	..	..	..	..	..	..	..	..	..	..	..	..	..	..	..	..	..	..	..	..	..	..	..	0	..	..	..	..	..	..	..	..	..	..	..	..	..	..	..	0	..	..	..
Fritidshus	2850 Nærum	..	..	..	..	..	..	..	..	..	..	..	..	..	..	..	..	..	..	..	..	..	..	..	..	..	..	..	..	..	..	..	..	..	..	..	..	..	..	..	..	..	..	..	..	..	..	..	..
Fritidshus	2860 Søborg	..	..	..	..	..	..	..	..	..	..	..	..	..	..	..	..	..	..	..	..	..	..	..	..	..	..	..	..	..	..	..	..	..	..	..	..	..	..	..	..	..	..	..	..	..	..	..	..
Fritidshus	2870 Dyssegård	..	..	..	..	..	..	..	..	..	..	..	..	..	..	..	..	..	..	..	..	..	..	..	..	..	..	..	..	..	..	..	..	..	..	..	..	..	..	..	..	..	..	..	..	..	..	..	..
Fritidshus	2880 Bagsværd	..	..	..	..	..	..	..	..	..	..	..	..	..	..	..	..	..	..	..	..	..	..	..	..	..	..	..	..	..	..	..	..	..	0	..	..	..	..	..	..	..	..	..	..	..	..	..	..
Fritidshus	2900 Hellerup	..	..	..	..	..	..	..	..	..	..	..	..	..	..	..	..	..	..	..	..	..	..	..	..	..	..	..	..	..	..	..	..	..	..	..	..	..	..	..	..	..	..	..	..	..	..	..	..
Fritidshus	2920 Charlottenlund	..	..	..	..	..	..	..	..	..	..	..	..	..	..	..	..	..	..	..	..	..	..	..	..	..	..	..	..	..	..	..	..	..	..	..	..	..	..	..	..	..	..	..	..	..	..	..	..
Fritidshus	2930 Klampenborg	..	..	..	..	..	..	..	..	..	..	..	..	..	..	..	..	..	..	..	..	..	..	..	..	..	..	..	..	..	..	..	..	..	..	..	0	..	..	..	..	..	0	..	..	..	..	..	..
Fritidshus	2942 Skodsborg	..	..	..	..	..	..	..	..	..	..	..	..	..	..	..	..	..	..	..	..	..	..	..	..	..	..	..	..	..	..	..	..	..	..	..	..	..	..	..	..	..	0	..	..	..	..	..	..
Fritidshus	2950 Vedbæk	..	..	..	..	..	..	..	..	..	..	..	..	..	..	..	..	..	..	..	..	0	..	..	..	..	..	..	..	..	..	..	..	..	..	..	..	0	..	..	..	..	0	..	..	..	..	..	..
Fritidshus	2960 Rungsted Kyst	..	..	..	..	..	..	..	..	..	..	..	..	..	..	..	0	..	..	..	..	..	..	..	..	..	..	..	..	..	..	..	..	..	..	..	..	..	..	..	..	..	..	..	..	..	..	..	..
Fritidshus	2970 Hørsholm	..	0	0	0	..	0	0	0	0	0	..	..	0	0	0	0	0	0	0	0	..	0	0	0	0	0	..	0	..	0	..	..	..	..	..	..	..	0	0	0	..	0	0	0	0	0	0	0
Fritidshus	2980 Kokkedal	..	..	..	..	..	..	..	..	..	..	..	..	..	..	..	..	..	..	..	..	..	..	..	..	..	..	..	0	..	..	..	..	..	..	..	..	..	..	..	..	..	..	..	..	..	..	..	..
Fritidshus	2990 Nivå	..	..	..	..	..	..	..	..	..	..	..	..	..	..	..	0	..	..	..	..	..	..	..	..	..	..	..	..	..	..	..	..	..	..	..	..	..	..	..	..	..	..	..	..	..	..	..	..
Fritidshus	3000 Helsingør	..	..	..	..	..	0	..	..	..	..	0	..	0	..	..	..	..	0	..	..	..	..	..	..	..	..	..	..	..	..	..	..	..	..	..	0	..	..	..	0	..	0	..	..	..	..	..	0
Fritidshus	3050 Humlebæk	..	..	..	..	..	..	..	..	..	..	..	..	..	..	..	..	..	..	..	0	..	..	..	0	..	..	..	..	0	..	0	..	..	..	..	..	..	..	0	..	..	..	..	0	..	..	0	..
Fritidshus	3060 Espergærde	..	0	..	..	..	..	..	..	..	..	..	..	..	..	..	..	..	..	..	..	..	..	..	..	..	0	..	..	..	0	..	..	..	0	..	..	..	..	..	0	..	0	0	..	..	0	..	..
Fritidshus	3070 Snekkersten	..	0	..	..	..	..	..	..	..	..	..	..	..	..	..	..	..	..	..	..	..	..	..	0	..	..	..	..	..	..	..	..	..	..	..	..	..	..	..	..	..	..	..	0	..	..	..	..
Fritidshus	3080 Tikøb	0	98	0	0	0	55	106	0	105	100	211	0	0	187	0	0	0	0	0	0	..	0	0	0	0	0	0	..	..	0	0	..	257	..	0	0	0	..	305	..	..	0	0	0	0	0	0	0
Fritidshus	3100 Hornbæk	168	139	107	88	213	158	171	239	136	132	169	170	222	180	198	339	137	176	221	273	272	275	211	452	403	304	219	265	369	234	155	275	243	365	510	311	253	181	247	409	398	407	283	255	248	246	288	319
Fritidshus	3120 Dronningmølle	116	111	131	92	117	115	118	125	142	142	195	222	205	249	217	175	485	369	288	0	186	255	191	260	483	260	251	301	221	145	147	118	197	191	186	83	332	334	238	208	333	250	163	362	322	183	155	187
Fritidshus	3140 Ålsgårde	..	..	0	0	0	0	..	0	..	..	..	0	..	..	0	..	..	..	..	..	0	..	0	..	..	..	..	..	..	..	..	..	0	..	..	0	..	0	0	..	0	..	0	0	..	0	0	..
Fritidshus	3150 Hellebæk	..	..	..	..	..	..	..	..	..	..	..	..	..	..	..	..	..	..	..	..	..	..	..	..	..	0	..	..	..	..	..	..	..	..	..	..	..	..	..	..	..	..	0	..	..	..	..	..
Fritidshus	3200 Helsinge	0	0	0	0	0	215	134	0	0	0	0	0	0	0	..	91	..	..	0	0	..	0	0	0	..	..	0	0	0	0	0	0	..	..	..	0	0	0	0	..	..	0	0	0	0	0	0	0
Fritidshus	3210 Vejby	176	121	125	95	128	115	84	101	146	158	147	179	171	201	178	174	251	219	197	284	376	318	269	293	278	264	221	257	243	195	197	210	185	201	215	183	303	316	194	203	375	152	123	191	274	188	123	192
Fritidshus	3220 Tisvildeleje	244	77	0	0	191	110	79	0	86	74	125	122	89	213	253	166	0	264	160	338	0	173	225	267	263	220	134	139	372	121	124	0	274	237	284	243	220	172	232	335	275	180	152	244	133	166	155	141
Fritidshus	3230 Græsted	150	113	77	155	156	138	84	155	181	119	139	163	144	159	160	214	244	244	144	0	0	274	229	233	168	296	143	334	221	181	184	0	426	361	245	196	377	256	291	286	188	392	221	328	257	253	230	186
Fritidshus	3250 Gilleleje	160	112	116	93	126	124	90	114	158	139	139	164	186	166	175	203	208	206	191	253	206	316	254	299	262	184	218	141	351	272	188	224	276	208	258	364	336	206	208	222	321	172	217	243	222	163	164	210
Fritidshus	3300 Frederiksværk	75	91	85	112	145	108	74	147	198	136	146	172	190	175	111	173	217	145	229	224	186	257	298	300	345	252	237	211	276	175	239	152	240	259	351	195	249	299	138	323	256	176	183	293	228	119	192	298
Fritidshus	3310 Ølsted	110	84	91	72	109	136	90	139	143	113	82	143	204	133	205	0	143	239	260	224	363	212	313	0	265	323	215	288	0	111	279	0	235	264	259	0	155	198	220	140	273	239	411	328	215	240	173	199
Fritidshus	3320 Skævinge	..	..	..	..	..	..	..	..	..	..	..	..	0	..	..	..	..	..	..	..	..	..	..	..	..	..	..	..	..	..	..	..	..	..	..	..	..	..	..	..	..	..	..	..	..	..	..	..
Fritidshus	3330 Gørløse	..	..	..	..	..	..	..	..	..	..	..	..	..	..	..	..	..	..	..	..	..	..	..	..	..	..	..	..	..	..	..	..	..	..	..	..	..	..	..	..	..	..	..	..	..	..	..	..
Fritidshus	3360 Liseleje	150	76	0	0	140	99	0	0	164	164	168	0	0	281	132	0	..	139	89	0	344	297	325	108	0	199	94	0	420	195	181	468	0	263	306	445	134	157	126	121	97	215	131	408	115	49	59	83
Fritidshus	3370 Melby	107	81	66	106	81	99	92	114	84	156	121	178	163	160	175	256	221	115	205	0	153	310	369	239	374	318	215	300	362	190	238	316	307	201	203	216	0	84	173	173	283	228	223	143	228	199	266	184
Fritidshus	3390 Hundested	127	126	41	77	229	66	57	59	99	77	98	79	0	0	257	0	163	199	0	142	0	221	315	217	240	123	92	190	0	94	152	310	295	264	132	202	323	159	172	212	132	52	212	149	228	139	102	267
Fritidshus	3400 Hillerød	0	0	..	0	..	0	0	0	0	0	0	..	..	0	..	..	..	0	0	0	0	0	..	..	..	0	0	..	0	0	0	0	..	0	0	..	0	0	..	..	0	0	0	..	0	0	0	..
Fritidshus	3450 Allerød	..	..	..	..	..	0	..	..	0	..	0	..	..	0	0	..	..	..	..	..	..	..	..	..	..	..	..	..	..	..	..	..	..	..	..	..	..	..	..	..	..	..	..	..	..	0	..	..
Fritidshus	3460 Birkerød	0	..	0	..	..	..	..	..	0	0	0	..	..	..	0	..	..	..	0	..	..	..	..	0	0	0	0	..	..	..	0	..	..	..	..	..	..	..	..	..	0	..	0	..	..	..	0	0
Fritidshus	3480 Fredensborg	0	0	0	0	0	..	0	..	0	..	..	0	0	..	..	0	0	0	..	..	..	..	..	..	..	..	0	0	0	..	..	0	0	..	0	..	..	0	0	0	0	..	..	0	0	0	0	0
Fritidshus	3490 Kvistgård	..	..	..	..	..	..	..	..	..	..	..	..	..	..	..	..	..	..	..	..	..	..	..	..	..	..	..	..	..	..	..	..	..	..	..	..	..	..	..	..	..	..	..	0	..	..	..	..
Fritidshus	3500 Værløse	..	0	..	..	..	..	..	..	0	..	..	..	..	..	0	..	..	..	..	..	..	..	..	..	..	..	..	..	..	..	..	..	..	..	..	..	..	..	..	..	..	..	..	..	..	..	..	..
Fritidshus	3520 Farum	0	0	0	..	0	0	..	..	..	..	0	..	..	0	..	..	..	0	..	..	..	0	..	0	0	..	0	..	..	0	..	..	0	0	0	0	0	0	..	0	..	0	0	..	0	..	..	0
Fritidshus	3540 Lynge	..	..	..	..	..	..	..	..	..	..	..	..	..	..	..	..	..	..	..	..	..	..	..	..	..	..	..	..	..	..	..	..	..	..	..	..	..	..	..	..	..	..	..	..	..	..	..	..
Fritidshus	3550 Slangerup	88	158	0	0	0	110	0	0	..	0	0	0	..	..	0	0	0	..	0	..	0	0	0	0	0	0	0	0	0	0	0	0	0	0	0	0	0	0	0	0	0	0	0	0	0	0	0	0
Fritidshus	3600 Frederikssund	..	0	..	..	..	..	..	..	..	..	..	..	..	..	..	..	..	..	..	..	..	..	..	..	0	..	..	..	..	..	0	..	..	..	..	..	..	..	..	..	..	..	..	..	..	..	..	..
Fritidshus	3630 Jægerspris	136	90	93	109	131	102	107	125	130	105	114	161	175	193	183	211	245	203	198	179	343	316	319	281	366	304	252	468	203	191	176	250	423	235	333	334	331	302	283	277	419	282	197	424	436	399	236	328
Fritidshus	3650 Ølstykke	..	0	..	..	..	0	0	..	..	..	..	..	..	..	..	..	..	0	..	..	..	..	..	..	0	0	..	..	0	..	..	..	0	..	..	..	..	0	0	0	..	..	..	..	..	0	0	0
Fritidshus	3660 Stenløse	..	..	..	..	..	..	..	..	..	..	..	..	..	..	..	..	..	..	..	..	..	..	..	0	..	..	..	..	..	..	..	..	..	..	..	..	..	..	..	..	..	..	..	..	..	..	..	..
Fritidshus	3670 Veksø Sjælland	0	0	0	0	0	0	0	..	..	..	..	..	0	0	0	0	..	..	0	..	..	0	..	..	0	..	..	0	..	..	..	..	..	..	0	..	0	0	0	..	..	0	0	..	0	0	..	0
Fritidshus	3700 Rønne	0	0	..	0	..	78	0	0	128	0	..	0	0	0	242	..	0	0	0	0	0	..	0	0	0	0	0	0	..	0	..	..	..	..	0	..	0	0	0	0	..	0	0	..	0	0	0	0
Fritidshus	3720 Aakirkeby	176	208	84	106	0	124	87	104	37	143	68	116	90	121	151	0	0	0	0	..	0	0	0	366	269	0	87	0	..	..	0	0	0	382	0	0	0	0	0	404	..	0	357	0	445	0	0	0
Fritidshus	3730 Nexø	118	73	50	96	141	115	183	184	80	99	91	75	69	101	132	0	..	0	0	0	0	210	282	341	0	259	369	357	262	0	270	193	193	339	0	0	0	183	0	243	42	408	363	307	136	337	0	0
Fritidshus	3740 Svaneke	0	0	..	0	..	..	0	..	0	0	0	0	0	0	..	0	0	0	..	0	..	0	0	..	..	..	0	0	..	..	..	..	..	0	0	0	..	..	0	0	0	0	0	..	0	0	0	0
Fritidshus	3751 Østermarie	..	0	0	..	..	..	..	0	0	..	0	0	0	0	0	0	..	..	..	..	..	..	..	0	..	0	0	0	..	..	..	..	..	..	..	..	..	..	0	..	0	0	0	..	..	..	0	..
Fritidshus	3760 Gudhjem	0	0	..	..	0	..	0	0	0	0	..	..	0	0	0	0	0	0	..	0	0	0	0	..	0	..	0	..	0	0	..	..	..	..	0	0	..	0	..	..	0	..	..	0	..	0	0	0
Fritidshus	3770 Allinge	0	86	0	0	0	0	112	0	0	51	33	0	0	197	0	0	..	116	0	0	..	0	..	..	..	0	..	0	..	0	122	0	0	0	0	0	0	0	..	0	0	0	0	668	0	0	0	0
Fritidshus	3782 Klemensker	0	0	0	..	..	..	..	..	..	0	0	..	..	..	0	0	..	..	0	..	..	..	..	..	..	..	..	..	..	..	..	..	..	..	..	..	..	..	..	..	..	..	..	..	..	..	..	..
Fritidshus	3790 Hasle	0	0	0	0	0	0	0	0	134	0	0	0	..	0	..	0	..	..	0	..	..	0	..	..	0	0	0	..	0	0	0	..	..	..	..	0	..	..	0	0	0	..	0	0	0	0	0	..
Fritidshus	4000 Roskilde	..	0	0	0	..	85	0	..	0	0	0	0	0	0	0	0	..	..	0	0	0	0	0	0	0	0	0	0	0	0	267	0	0	0	0	0	..	0	0	0	0	0	0	0	0	0	0	0
Fritidshus	4030 Tune	..	..	..	..	..	..	..	..	..	..	..	..	..	..	..	..	..	..	..	..	..	..	..	..	..	..	..	..	..	..	..	..	..	..	..	..	..	..	..	..	..	..	..	..	..	..	..	..
Fritidshus	4040 Jyllinge	0	0	0	0	..	75	0	0	0	0	0	..	..	0	77	0	0	..	0	..	0	239	0	0	0	0	152	0	0	0	0	..	0	0	0	0	0	..	0	0	0	0	0	0	0	0	0	0
Fritidshus	4050 Skibby	145	147	160	127	140	143	118	153	152	72	211	0	225	193	266	246	275	241	204	0	0	219	238	0	211	410	195	282	0	0	119	0	0	265	334	236	171	307	190	263	157	138	184	193	386	427	241	188
Fritidshus	4060 Kirke Såby	0	81	0	0	0	90	..	0	160	0	0	0	0	0	0	..	..	0	..	..	..	..	0	0	0	0	..	0	..	0	0	..	0	0	0	0	..	..	0	..	..	0	0	0	0	0	..	0
Fritidshus	4070 Kirke Hyllinge	135	120	93	117	161	103	165	119	155	162	142	180	172	139	222	258	242	226	281	251	0	218	199	174	499	305	60	0	192	247	176	204	186	343	275	369	0	438	215	305	336	229	247	313	284	235	162	166
Fritidshus	4100 Ringsted	0	..	..	0	..	..	..	..	..	..	0	0	..	..	..	0	..	..	..	..	..	..	..	..	..	0	..	0	..	..	0	0	..	0	0	0	..	..	0	..	..	0	0	..	..	..	0	..
Fritidshus	4130 Viby Sjælland	..	..	..	..	0	..	..	..	0	..	..	..	..	..	..	..	..	..	..	..	..	..	..	..	..	..	..	..	..	..	..	..	..	..	..	..	..	..	..	..	..	..	..	..	..	..	..	..
Fritidshus	4140 Borup	0	0	..	0	0	0	0	0	..	..	0	0	..	0	0	0	0	0	..	0	0	0	0	0	..	0	0	..	..	0	0	0	0	..	0	0	..	..	0	..	..	0	..	..	..	0	0	0
Fritidshus	4160 Herlufmagle	..	..	..	..	..	..	..	..	..	..	..	..	..	..	..	..	..	..	..	..	..	..	..	..	..	..	..	..	..	..	..	..	..	..	..	..	..	..	..	..	..	..	..	..	..	..	..	..
Fritidshus	4171 Glumsø	..	..	..	..	..	..	..	..	..	..	..	..	..	..	..	..	..	..	..	..	..	..	..	..	..	..	..	..	..	..	..	..	..	..	..	..	..	..	..	..	..	..	..	..	..	..	..	..
Fritidshus	4173 Fjenneslev	..	..	..	..	..	..	..	..	..	..	..	..	..	..	..	..	..	..	..	..	..	..	..	..	..	..	..	..	..	..	..	..	..	..	..	..	..	..	..	..	..	..	..	..	..	..	..	..
Fritidshus	4174 Jystrup Midtsj	..	..	0	..	..	..	..	..	..	..	..	..	..	..	..	..	..	..	..	..	..	..	..	..	..	..	..	..	..	..	..	..	..	..	0	..	..	..	..	..	..	..	..	..	..	..	..	..
Fritidshus	4180 Sorø	..	..	..	0	..	..	..	..	..	..	..	..	..	..	..	..	..	..	..	..	..	..	..	..	..	..	..	..	..	..	..	..	..	..	..	..	..	..	..	..	..	..	..	..	0	..	0	0
Fritidshus	4190 Munke Bjergby	..	0	0	..	0	0	0	0	..	0	0	..	0	..	0	..	..	0	..	0	..	..	0	0	..	..	..	..	..	..	..	0	..	..	..	..	..	0	..	..	..	0	0	..	..	..	0	0
Fritidshus	4200 Slagelse	132	101	89	110	118	98	100	98	171	154	150	189	311	213	186	129	251	249	161	283	362	183	253	198	371	234	204	247	220	159	363	201	303	413	304	308	0	219	369	109	0	243	220	338	139	340	205	278
Fritidshus	4220 Korsør	0	79	0	0	0	52	0	0	0	0	0	0	..	0	0	0	0	0	0	0	0	0	0	0	0	319	332	0	0	0	0	0	0	350	0	415	..	0	0	..	0	0	0	0	0	0	0	0
Fritidshus	4230 Skælskør	0	0	0	0	0	0	0	0	0	0	..	..	0	0	0	0	0	0	0	..	0	0	0	0	0	0	0	0	0	0	0	0	0	0	0	0	..	0	0	..	0	0	299	0	..	186	0	..
Fritidshus	4241 Vemmelev	..	..	..	..	..	..	..	..	..	..	..	..	..	..	..	..	..	..	..	..	..	..	..	..	..	..	..	..	..	..	..	..	..	..	..	..	..	..	..	..	..	..	..	..	..	..	..	..
Fritidshus	4242 Boeslunde	..	..	..	..	..	..	..	..	..	..	..	..	..	..	..	..	..	..	..	..	..	..	..	..	..	..	..	..	..	..	..	..	..	..	..	..	..	..	..	..	..	..	..	..	..	..	..	..
Fritidshus	4243 Rude	..	0	0	0	0	0	0	0	253	0	0	0	0	0	0	0	0	0	0	0	..	0	..	0	..	0	0	..	0	0	0	0	0	0	0	..	0	0	0	..	0	0	0	0	..	149	333	0
Fritidshus	4250 Fuglebjerg	..	..	..	..	..	..	..	..	..	..	..	..	..	..	..	..	..	..	..	..	..	..	..	..	..	..	..	..	..	..	..	..	..	..	0	..	..	..	..	..	..	..	..	..	..	..	..	..
Fritidshus	4261 Dalmose	..	..	..	..	..	0	..	..	..	..	..	..	..	..	..	..	..	..	..	..	..	..	..	..	..	..	..	..	..	..	..	..	..	..	..	..	..	..	..	..	..	..	..	..	..	..	..	..
Fritidshus	4262 Sandved	..	..	..	..	..	..	..	..	..	..	..	..	..	..	..	..	..	..	..	..	..	..	..	..	..	..	..	..	..	..	..	..	..	..	..	..	..	..	..	..	..	..	..	..	..	..	..	..
Fritidshus	4270 Høng	..	..	..	..	..	..	..	..	..	..	..	..	..	..	..	..	..	..	..	..	..	..	..	..	..	..	..	..	..	..	..	..	..	..	..	..	..	..	..	..	..	..	..	..	..	..	..	..
Fritidshus	4281 Gørlev	118	52	74	89	89	90	81	121	131	215	63	0	297	172	182	0	0	0	0	0	..	185	296	272	0	431	210	314	0	409	434	0	295	307	182	198	0	387	148	198	0	422	267	0	0	0	0	0
Fritidshus	4291 Ruds Vedby	..	..	..	..	..	..	..	..	..	..	..	..	..	..	..	..	..	..	..	..	..	..	..	..	..	..	..	..	..	..	..	..	..	..	..	..	..	..	..	..	..	..	..	..	..	..	..	..
Fritidshus	4293 Dianalund	0	..	..	..	..	..	0	..	..	..	..	..	..	..	..	..	..	..	..	..	..	..	0	..	..	0	..	..	..	..	..	..	..	..	0	..	..	0	..	..	..	..	..	..	0	..	0	..
Fritidshus	4295 Stenlille	0	..	..	0	0	0	..	0	..	0	0	..	..	0	..	..	..	..	0	..	..	..	..	..	..	..	..	..	..	..	..	..	..	..	..	0	..	0	0	..	..	..	..	..	..	..	..	..
Fritidshus	4296 Nyrup	..	..	..	..	..	..	..	..	..	..	..	..	..	..	..	..	..	..	..	..	..	..	..	..	..	..	..	..	..	..	..	..	..	..	..	..	..	..	..	..	..	..	..	..	..	..	..	..
Fritidshus	4300 Holbæk	137	105	87	81	134	71	111	102	184	115	109	181	184	270	204	240	376	256	159	381	434	359	211	211	297	337	224	294	339	302	233	270	262	323	277	532	305	377	328	508	439	305	224	296	459	286	417	564
Fritidshus	4320 Lejre	..	..	..	..	..	..	..	..	..	..	..	..	..	..	..	..	..	..	..	..	..	..	..	..	..	..	..	..	..	..	..	..	..	..	..	..	..	..	..	..	..	..	..	..	..	..	..	..
Fritidshus	4330 Hvalsø	..	..	..	..	..	..	..	..	..	..	..	..	..	0	..	..	..	..	0	..	..	..	..	..	..	..	..	0	..	..	..	..	..	..	..	..	..	..	..	..	..	..	..	..	0	..	..	..
Fritidshus	4340 Tølløse	..	..	..	..	..	..	..	..	..	0	..	..	..	..	..	..	..	..	..	..	..	..	..	..	..	..	..	..	..	0	..	..	..	..	..	..	..	..	..	..	..	..	..	..	..	..	..	..
Fritidshus	4350 Ugerløse	..	..	..	..	..	..	..	..	..	..	..	..	..	..	..	..	..	..	..	..	..	..	..	..	0	..	..	..	..	..	..	..	..	..	..	..	..	..	..	..	..	..	..	..	..	..	..	..
Fritidshus	4360 Kirke Eskilstrup	..	..	..	..	..	..	..	..	..	..	..	..	..	..	..	..	..	..	..	..	..	..	..	..	..	..	..	..	..	..	..	..	..	..	..	..	..	..	..	..	..	..	..	..	..	..	..	..
Fritidshus	4370 Store Merløse	..	..	..	..	..	..	..	..	..	..	..	..	..	..	..	..	..	..	..	..	..	..	..	..	..	..	..	..	..	..	..	..	..	..	..	..	..	..	..	..	..	..	..	..	..	..	..	..
Fritidshus	4390 Vipperød	0	0	..	..	..	..	..	0	0	..	0	..	..	..	..	..	..	..	..	..	0	..	..	..	..	..	..	..	..	..	..	..	0	..	0	0	..	..	..	..	..	..	..	..	..	..	..	..
Fritidshus	4400 Kalundborg	88	77	86	97	148	94	76	123	135	140	169	141	194	200	172	163	245	202	291	364	0	254	210	357	249	253	319	261	0	209	297	0	248	474	375	259	556	484	245	0	385	385	390	396	372	359	440	316
Fritidshus	4420 Regstrup	..	..	..	..	..	..	..	..	..	0	0	..	0	0	..	..	..	0	0	..	..	..	..	..	..	..	..	..	..	..	..	..	..	..	0	0	0	..	..	..	0	..	..	..	0	..	..	0
Fritidshus	4440 Mørkøv	..	..	..	..	..	..	..	..	..	..	..	..	..	..	..	..	..	..	..	..	..	..	..	..	..	..	..	..	..	..	..	..	..	..	..	..	..	..	..	..	..	..	..	..	..	..	..	..
Fritidshus	4450 Jyderup	..	..	0	..	..	..	0	..	..	..	..	..	..	..	..	..	..	..	..	..	..	..	..	..	..	..	..	..	..	..	..	..	..	..	..	..	..	..	..	..	..	..	..	0	..	..	..	..
Fritidshus	4460 Snertinge	..	..	..	..	..	..	..	..	..	..	..	..	..	..	..	..	..	..	..	..	..	..	..	..	..	..	..	..	..	..	..	..	..	..	..	..	..	..	..	..	..	..	..	..	..	..	..	..
